G?????
adjacency matrix:
[[0 0 0 0 0 0 0 0]
 [0 0 0 0 0 0 0 0]
 [0 0 0 0 0 0 0 0]
 [0 0 0 0 0 0 0 0]
 [0 0 0 0 0 0 0 0]
 [0 0 0 0 0 0 0 0]
 [0 0 0 0 0 0 0 0]
 [0 0 0 0 0 0 0 0]]
eigenvalues: [0. 0. 0. 0. 0. 0. 0. 0.]
eigenvectors:
[[ 1  1  1  1  1  1  1  1]
 [-1  1 -1  1 -1  1 -1  1]
 [-1 -1  1  1 -1 -1  1  1]
 [ 1 -1 -1  1  1 -1 -1  1]
 [-1 -1 -1 -1  1  1  1  1]
 [ 1 -1  1 -1 -1  1 -1  1]
 [ 1  1 -1 -1 -1 -1  1  1]
 [-1  1  1 -1  1 -1 -1  1]]
G?`@?_
adjacency matrix:
[[0 0 0 0 1 0 0 0]
 [0 0 0 0 0 1 0 0]
 [0 0 0 0 0 0 1 0]
 [0 0 0 0 0 0 0 1]
 [1 0 0 0 0 0 0 0]
 [0 1 0 0 0 0 0 0]
 [0 0 1 0 0 0 0 0]
 [0 0 0 1 0 0 0 0]]
eigenvalues: [ 1.  1.  1.  1. -1. -1. -1. -1.]
eigenvectors:
[[ 1  1  1  1  1  1  1  1]
 [-1  1 -1  1 -1  1 -1  1]
 [-1 -1  1  1 -1 -1  1  1]
 [ 1 -1 -1  1  1 -1 -1  1]
 [-1 -1 -1 -1  1  1  1  1]
 [ 1 -1  1 -1 -1  1 -1  1]
 [ 1  1 -1 -1 -1 -1  1  1]
 [-1  1  1 -1  1 -1 -1  1]]
G?hTA_
adjacency matrix:
[[0 0 0 0 1 0 1 0]
 [0 0 0 0 0 1 0 1]
 [0 0 0 0 1 0 1 0]
 [0 0 0 0 0 1 0 1]
 [1 0 1 0 0 0 0 0]
 [0 1 0 1 0 0 0 0]
 [1 0 1 0 0 0 0 0]
 [0 1 0 1 0 0 0 0]]
eigenvalues: [ 2.00000000e+00  2.00000000e+00  5.21804822e-15  9.99200722e-16
 -2.00000000e+00 -2.00000000e+00  2.99760217e-15  2.77555756e-15]
eigenvectors:
[[ 1  1  1  1  1  1  1  1]
 [-1  1 -1  1 -1  1 -1  1]
 [-1 -1  1  1 -1 -1  1  1]
 [ 1 -1 -1  1  1 -1 -1  1]
 [-1 -1 -1 -1  1  1  1  1]
 [ 1 -1  1 -1 -1  1 -1  1]
 [ 1  1 -1 -1 -1 -1  1  1]
 [-1  1  1 -1  1 -1 -1  1]]
GQhTQg
adjacency matrix:
[[0 0 1 0 1 0 1 0]
 [0 0 0 1 0 1 0 1]
 [1 0 0 0 1 0 1 0]
 [0 1 0 0 0 1 0 1]
 [1 0 1 0 0 0 1 0]
 [0 1 0 1 0 0 0 1]
 [1 0 1 0 1 0 0 0]
 [0 1 0 1 0 1 0 0]]
eigenvalues: [ 3.  3. -1. -1. -1. -1. -1. -1.]
eigenvectors:
[[ 1  1  1  1  1  1  1  1]
 [-1  1 -1  1 -1  1 -1  1]
 [-1 -1  1  1 -1 -1  1  1]
 [ 1 -1 -1  1  1 -1 -1  1]
 [-1 -1 -1 -1  1  1  1  1]
 [ 1 -1  1 -1 -1  1 -1  1]
 [ 1  1 -1 -1 -1 -1  1  1]
 [-1  1  1 -1  1 -1 -1  1]]
G?lvE_
adjacency matrix:
[[0 0 0 0 1 0 1 1]
 [0 0 0 0 0 1 1 1]
 [0 0 0 0 1 1 1 0]
 [0 0 0 0 1 1 0 1]
 [1 0 1 1 0 0 0 0]
 [0 1 1 1 0 0 0 0]
 [1 1 1 0 0 0 0 0]
 [1 1 0 1 0 0 0 0]]
eigenvalues: [ 3.  1. -1.  1. -3. -1.  1. -1.]
eigenvectors:
[[ 1  1  1  1  1  1  1  1]
 [-1  1 -1  1 -1  1 -1  1]
 [-1 -1  1  1 -1 -1  1  1]
 [ 1 -1 -1  1  1 -1 -1  1]
 [-1 -1 -1 -1  1  1  1  1]
 [ 1 -1  1 -1 -1  1 -1  1]
 [ 1  1 -1 -1 -1 -1  1  1]
 [-1  1  1 -1  1 -1 -1  1]]
GQlvUg
adjacency matrix:
[[0 0 1 0 1 0 1 1]
 [0 0 0 1 0 1 1 1]
 [1 0 0 0 1 1 1 0]
 [0 1 0 0 1 1 0 1]
 [1 0 1 1 0 0 1 0]
 [0 1 1 1 0 0 0 1]
 [1 1 1 0 1 0 0 0]
 [1 1 0 1 0 1 0 0]]
eigenvalues: [ 4.00000000e+00  2.00000000e+00 -2.00000000e+00 -1.77635684e-15
 -2.00000000e+00 -5.55111512e-16  1.77635684e-15 -2.00000000e+00]
eigenvectors:
[[ 1  1  1  1  1  1  1  1]
 [-1  1 -1  1 -1  1 -1  1]
 [-1 -1  1  1 -1 -1  1  1]
 [ 1 -1 -1  1  1 -1 -1  1]
 [-1 -1 -1 -1  1  1  1  1]
 [ 1 -1  1 -1 -1  1 -1  1]
 [ 1  1 -1 -1 -1 -1  1  1]
 [-1  1  1 -1  1 -1 -1  1]]
G?~vf_
adjacency matrix:
[[0 0 0 0 1 1 1 1]
 [0 0 0 0 1 1 1 1]
 [0 0 0 0 1 1 1 1]
 [0 0 0 0 1 1 1 1]
 [1 1 1 1 0 0 0 0]
 [1 1 1 1 0 0 0 0]
 [1 1 1 1 0 0 0 0]
 [1 1 1 1 0 0 0 0]]
eigenvalues: [ 4.00000000e+00  6.32827124e-15  8.43769499e-15 -3.55271368e-15
 -4.00000000e+00 -1.44328993e-15  1.77635684e-15  1.88737914e-15]
eigenvectors:
[[ 1  1  1  1  1  1  1  1]
 [-1  1 -1  1 -1  1 -1  1]
 [-1 -1  1  1 -1 -1  1  1]
 [ 1 -1 -1  1  1 -1 -1  1]
 [-1 -1 -1 -1  1  1  1  1]
 [ 1 -1  1 -1 -1  1 -1  1]
 [ 1  1 -1 -1 -1 -1  1  1]
 [-1  1  1 -1  1 -1 -1  1]]
GQ~vvg
adjacency matrix:
[[0 0 1 0 1 1 1 1]
 [0 0 0 1 1 1 1 1]
 [1 0 0 0 1 1 1 1]
 [0 1 0 0 1 1 1 1]
 [1 1 1 1 0 0 1 0]
 [1 1 1 1 0 0 0 1]
 [1 1 1 1 1 0 0 0]
 [1 1 1 1 0 1 0 0]]
eigenvalues: [ 5.  1. -1. -1. -3.  1. -1. -1.]
eigenvectors:
[[ 1  1  1  1  1  1  1  1]
 [-1  1 -1  1 -1  1 -1  1]
 [-1 -1  1  1 -1 -1  1  1]
 [ 1 -1 -1  1  1 -1 -1  1]
 [-1 -1 -1 -1  1  1  1  1]
 [ 1 -1  1 -1 -1  1 -1  1]
 [ 1  1 -1 -1 -1 -1  1  1]
 [-1  1  1 -1  1 -1 -1  1]]
G]~v~w
adjacency matrix:
[[0 0 1 1 1 1 1 1]
 [0 0 1 1 1 1 1 1]
 [1 1 0 0 1 1 1 1]
 [1 1 0 0 1 1 1 1]
 [1 1 1 1 0 0 1 1]
 [1 1 1 1 0 0 1 1]
 [1 1 1 1 1 1 0 0]
 [1 1 1 1 1 1 0 0]]
eigenvalues: [ 6.00000000e+00  9.32587341e-15 -2.00000000e+00 -6.55031585e-15
 -2.00000000e+00 -1.55431223e-15 -2.00000000e+00  3.33066907e-16]
eigenvectors:
[[ 1  1  1  1  1  1  1  1]
 [-1  1 -1  1 -1  1 -1  1]
 [-1 -1  1  1 -1 -1  1  1]
 [ 1 -1 -1  1  1 -1 -1  1]
 [-1 -1 -1 -1  1  1  1  1]
 [ 1 -1  1 -1 -1  1 -1  1]
 [ 1  1 -1 -1 -1 -1  1  1]
 [-1  1  1 -1  1 -1 -1  1]]
G~~~~{
adjacency matrix:
[[0 1 1 1 1 1 1 1]
 [1 0 1 1 1 1 1 1]
 [1 1 0 1 1 1 1 1]
 [1 1 1 0 1 1 1 1]
 [1 1 1 1 0 1 1 1]
 [1 1 1 1 1 0 1 1]
 [1 1 1 1 1 1 0 1]
 [1 1 1 1 1 1 1 0]]
eigenvalues: [ 7. -1. -1. -1. -1. -1. -1. -1.]
eigenvectors:
[[ 1  1  1  1  1  1  1  1]
 [-1  1 -1  1 -1  1 -1  1]
 [-1 -1  1  1 -1 -1  1  1]
 [ 1 -1 -1  1  1 -1 -1  1]
 [-1 -1 -1 -1  1  1  1  1]
 [ 1 -1  1 -1 -1  1 -1  1]
 [ 1  1 -1 -1 -1 -1  1  1]
 [-1  1  1 -1  1 -1 -1  1]]
