K???????????
adjacency matrix:
[[0 0 0 0 0 0 0 0 0 0 0 0]
 [0 0 0 0 0 0 0 0 0 0 0 0]
 [0 0 0 0 0 0 0 0 0 0 0 0]
 [0 0 0 0 0 0 0 0 0 0 0 0]
 [0 0 0 0 0 0 0 0 0 0 0 0]
 [0 0 0 0 0 0 0 0 0 0 0 0]
 [0 0 0 0 0 0 0 0 0 0 0 0]
 [0 0 0 0 0 0 0 0 0 0 0 0]
 [0 0 0 0 0 0 0 0 0 0 0 0]
 [0 0 0 0 0 0 0 0 0 0 0 0]
 [0 0 0 0 0 0 0 0 0 0 0 0]
 [0 0 0 0 0 0 0 0 0 0 0 0]]
eigenvalues: [0. 0. 0. 0. 0. 0. 0. 0. 0. 0. 0. 0.]
eigenvectors:
[[-1  1  1  1  1  1  1  1  1  1  1  1]
 [ 1  1 -1  1 -1 -1 -1  1  1  1 -1  1]
 [-1 -1 -1  1 -1  1  1  1 -1 -1 -1  1]
 [ 1 -1  1  1 -1  1 -1 -1 -1  1  1  1]
 [ 1  1 -1  1  1 -1  1 -1 -1 -1  1  1]
 [ 1  1  1 -1  1  1 -1  1 -1 -1 -1  1]
 [-1 -1 -1 -1  1 -1 -1  1 -1  1  1  1]
 [-1  1 -1 -1 -1  1 -1 -1  1 -1  1  1]
 [-1  1  1 -1 -1 -1  1 -1 -1  1 -1  1]
 [ 1 -1 -1 -1  1  1  1 -1  1  1 -1  1]
 [-1 -1  1  1  1 -1 -1 -1  1 -1 -1  1]
 [ 1 -1  1 -1 -1 -1  1  1  1 -1  1  1]]
