W??????????????????????????????????????????????
adjacency matrix:
[[0 0 0 0 0 0 0 0 0 0 0 0 0 0 0 0 0 0 0 0 0 0 0 0]
 [0 0 0 0 0 0 0 0 0 0 0 0 0 0 0 0 0 0 0 0 0 0 0 0]
 [0 0 0 0 0 0 0 0 0 0 0 0 0 0 0 0 0 0 0 0 0 0 0 0]
 [0 0 0 0 0 0 0 0 0 0 0 0 0 0 0 0 0 0 0 0 0 0 0 0]
 [0 0 0 0 0 0 0 0 0 0 0 0 0 0 0 0 0 0 0 0 0 0 0 0]
 [0 0 0 0 0 0 0 0 0 0 0 0 0 0 0 0 0 0 0 0 0 0 0 0]
 [0 0 0 0 0 0 0 0 0 0 0 0 0 0 0 0 0 0 0 0 0 0 0 0]
 [0 0 0 0 0 0 0 0 0 0 0 0 0 0 0 0 0 0 0 0 0 0 0 0]
 [0 0 0 0 0 0 0 0 0 0 0 0 0 0 0 0 0 0 0 0 0 0 0 0]
 [0 0 0 0 0 0 0 0 0 0 0 0 0 0 0 0 0 0 0 0 0 0 0 0]
 [0 0 0 0 0 0 0 0 0 0 0 0 0 0 0 0 0 0 0 0 0 0 0 0]
 [0 0 0 0 0 0 0 0 0 0 0 0 0 0 0 0 0 0 0 0 0 0 0 0]
 [0 0 0 0 0 0 0 0 0 0 0 0 0 0 0 0 0 0 0 0 0 0 0 0]
 [0 0 0 0 0 0 0 0 0 0 0 0 0 0 0 0 0 0 0 0 0 0 0 0]
 [0 0 0 0 0 0 0 0 0 0 0 0 0 0 0 0 0 0 0 0 0 0 0 0]
 [0 0 0 0 0 0 0 0 0 0 0 0 0 0 0 0 0 0 0 0 0 0 0 0]
 [0 0 0 0 0 0 0 0 0 0 0 0 0 0 0 0 0 0 0 0 0 0 0 0]
 [0 0 0 0 0 0 0 0 0 0 0 0 0 0 0 0 0 0 0 0 0 0 0 0]
 [0 0 0 0 0 0 0 0 0 0 0 0 0 0 0 0 0 0 0 0 0 0 0 0]
 [0 0 0 0 0 0 0 0 0 0 0 0 0 0 0 0 0 0 0 0 0 0 0 0]
 [0 0 0 0 0 0 0 0 0 0 0 0 0 0 0 0 0 0 0 0 0 0 0 0]
 [0 0 0 0 0 0 0 0 0 0 0 0 0 0 0 0 0 0 0 0 0 0 0 0]
 [0 0 0 0 0 0 0 0 0 0 0 0 0 0 0 0 0 0 0 0 0 0 0 0]
 [0 0 0 0 0 0 0 0 0 0 0 0 0 0 0 0 0 0 0 0 0 0 0 0]]
eigenvalues: [0. 0. 0. 0. 0. 0. 0. 0. 0. 0. 0. 0. 0. 0. 0. 0. 0. 0. 0. 0. 0. 0. 0. 0.]
eigenvectors:
[[ 1  1  1  1  1  1  1  1  1  1  1  1  1  1  1  1  1  1  1  1  1  1  1  1]
 [ 1  1  1  1  1  1  1  1  1  1  1  1 -1 -1 -1 -1 -1 -1 -1 -1 -1 -1 -1 -1]
 [ 1  1  1  1  1  1 -1 -1 -1 -1 -1 -1  1  1  1  1  1  1 -1 -1 -1 -1 -1 -1]
 [ 1  1 -1 -1 -1 -1  1  1  1  1 -1 -1  1  1  1  1 -1 -1  1  1 -1 -1 -1 -1]
 [ 1  1  1  1 -1 -1  1  1 -1 -1 -1 -1  1  1 -1 -1 -1 -1 -1 -1  1  1  1  1]
 [ 1  1  1  1 -1 -1 -1 -1 -1 -1  1  1 -1 -1  1  1 -1 -1  1  1  1  1 -1 -1]
 [ 1  1 -1 -1  1  1  1  1 -1 -1 -1 -1 -1 -1 -1 -1  1  1  1  1  1  1 -1 -1]
 [ 1  1  1  1 -1 -1 -1 -1  1  1 -1 -1 -1 -1 -1 -1  1  1  1  1 -1 -1  1  1]
 [ 1  1 -1 -1 -1 -1 -1 -1  1  1  1  1  1  1 -1 -1  1  1 -1 -1  1  1 -1 -1]
 [ 1  1 -1 -1  1  1 -1 -1  1  1 -1 -1 -1 -1  1  1 -1 -1 -1 -1  1  1  1  1]
 [ 1  1 -1 -1 -1 -1  1  1 -1 -1  1  1 -1 -1  1  1  1  1 -1 -1 -1 -1  1  1]
 [ 1  1 -1 -1  1  1 -1 -1 -1 -1  1  1  1  1 -1 -1 -1 -1  1  1 -1 -1  1  1]
 [ 1 -1  1 -1  1 -1  1 -1  1 -1  1 -1  1 -1  1 -1  1 -1  1 -1  1 -1  1 -1]
 [ 1 -1  1 -1  1 -1  1 -1  1 -1  1 -1 -1  1 -1  1 -1  1 -1  1 -1  1 -1  1]
 [ 1 -1  1 -1  1 -1 -1  1 -1  1 -1  1  1 -1  1 -1  1 -1 -1  1 -1  1 -1  1]
 [ 1 -1 -1  1 -1  1  1 -1  1 -1 -1  1  1 -1  1 -1 -1  1  1 -1 -1  1 -1  1]
 [ 1 -1  1 -1 -1  1  1 -1 -1  1 -1  1  1 -1 -1  1 -1  1 -1  1  1 -1  1 -1]
 [ 1 -1  1 -1 -1  1 -1  1 -1  1  1 -1 -1  1  1 -1 -1  1  1 -1  1 -1 -1  1]
 [ 1 -1 -1  1  1 -1  1 -1 -1  1 -1  1 -1  1 -1  1  1 -1  1 -1  1 -1 -1  1]
 [ 1 -1  1 -1 -1  1 -1  1  1 -1 -1  1 -1  1 -1  1  1 -1  1 -1 -1  1  1 -1]
 [ 1 -1 -1  1 -1  1 -1  1  1 -1  1 -1  1 -1 -1  1  1 -1 -1  1  1 -1 -1  1]
 [ 1 -1 -1  1  1 -1 -1  1  1 -1 -1  1 -1  1  1 -1 -1  1 -1  1  1 -1  1 -1]
 [ 1 -1 -1  1 -1  1  1 -1 -1  1  1 -1 -1  1  1 -1  1 -1 -1  1 -1  1  1 -1]
 [ 1 -1 -1  1  1 -1 -1  1 -1  1  1 -1  1 -1 -1  1 -1  1  1 -1 -1  1  1 -1]]
W???????????DpIMHFCMGWMARCCiGCkG@gW?YI?BP_?Qw??
adjacency matrix:
[[0 0 0 0 0 0 0 0 0 0 0 0 0 0 0 1 0 1 1 1 0 0 0 1]
 [0 0 0 0 0 0 0 0 0 0 0 0 0 0 1 0 1 0 0 0 1 1 1 0]
 [0 0 0 0 0 0 0 0 0 0 0 0 0 1 0 0 1 0 0 0 1 1 1 0]
 [0 0 0 0 0 0 0 0 0 0 0 0 1 0 0 0 0 1 1 1 0 0 0 1]
 [0 0 0 0 0 0 0 0 0 0 0 0 0 1 1 0 0 0 0 0 1 1 1 0]
 [0 0 0 0 0 0 0 0 0 0 0 0 1 0 0 1 0 0 1 1 0 0 0 1]
 [0 0 0 0 0 0 0 0 0 0 0 0 1 0 0 1 0 1 0 1 0 0 0 1]
 [0 0 0 0 0 0 0 0 0 0 0 0 1 0 0 1 0 1 1 0 0 0 0 1]
 [0 0 0 0 0 0 0 0 0 0 0 0 0 1 1 0 1 0 0 0 0 1 1 0]
 [0 0 0 0 0 0 0 0 0 0 0 0 0 1 1 0 1 0 0 0 1 0 1 0]
 [0 0 0 0 0 0 0 0 0 0 0 0 0 1 1 0 1 0 0 0 1 1 0 0]
 [0 0 0 0 0 0 0 0 0 0 0 0 1 0 0 1 0 1 1 1 0 0 0 0]
 [0 0 0 1 0 1 1 1 0 0 0 1 0 0 0 0 0 0 0 0 0 0 0 0]
 [0 0 1 0 1 0 0 0 1 1 1 0 0 0 0 0 0 0 0 0 0 0 0 0]
 [0 1 0 0 1 0 0 0 1 1 1 0 0 0 0 0 0 0 0 0 0 0 0 0]
 [1 0 0 0 0 1 1 1 0 0 0 1 0 0 0 0 0 0 0 0 0 0 0 0]
 [0 1 1 0 0 0 0 0 1 1 1 0 0 0 0 0 0 0 0 0 0 0 0 0]
 [1 0 0 1 0 0 1 1 0 0 0 1 0 0 0 0 0 0 0 0 0 0 0 0]
 [1 0 0 1 0 1 0 1 0 0 0 1 0 0 0 0 0 0 0 0 0 0 0 0]
 [1 0 0 1 0 1 1 0 0 0 0 1 0 0 0 0 0 0 0 0 0 0 0 0]
 [0 1 1 0 1 0 0 0 0 1 1 0 0 0 0 0 0 0 0 0 0 0 0 0]
 [0 1 1 0 1 0 0 0 1 0 1 0 0 0 0 0 0 0 0 0 0 0 0 0]
 [0 1 1 0 1 0 0 0 1 1 0 0 0 0 0 0 0 0 0 0 0 0 0 0]
 [1 0 0 1 0 1 1 1 0 0 0 0 0 0 0 0 0 0 0 0 0 0 0 0]]
eigenvalues: [ 5. -5. -1.  1. -1.  1. -1.  1. -1.  1. -1.  1. -1.  1. -1.  1. -1.  1.
  5. -5. -1.  1. -1.  1.]
eigenvectors:
[[ 1  1  1  1  1  1  1  1  1  1  1  1  1  1  1  1  1  1  1  1  1  1  1  1]
 [ 1  1  1  1  1  1  1  1  1  1  1  1 -1 -1 -1 -1 -1 -1 -1 -1 -1 -1 -1 -1]
 [ 1  1  1  1  1  1 -1 -1 -1 -1 -1 -1  1  1  1  1  1  1 -1 -1 -1 -1 -1 -1]
 [ 1  1 -1 -1 -1 -1  1  1  1  1 -1 -1  1  1  1  1 -1 -1  1  1 -1 -1 -1 -1]
 [ 1  1  1  1 -1 -1  1  1 -1 -1 -1 -1  1  1 -1 -1 -1 -1 -1 -1  1  1  1  1]
 [ 1  1  1  1 -1 -1 -1 -1 -1 -1  1  1 -1 -1  1  1 -1 -1  1  1  1  1 -1 -1]
 [ 1  1 -1 -1  1  1  1  1 -1 -1 -1 -1 -1 -1 -1 -1  1  1  1  1  1  1 -1 -1]
 [ 1  1  1  1 -1 -1 -1 -1  1  1 -1 -1 -1 -1 -1 -1  1  1  1  1 -1 -1  1  1]
 [ 1  1 -1 -1 -1 -1 -1 -1  1  1  1  1  1  1 -1 -1  1  1 -1 -1  1  1 -1 -1]
 [ 1  1 -1 -1  1  1 -1 -1  1  1 -1 -1 -1 -1  1  1 -1 -1 -1 -1  1  1  1  1]
 [ 1  1 -1 -1 -1 -1  1  1 -1 -1  1  1 -1 -1  1  1  1  1 -1 -1 -1 -1  1  1]
 [ 1  1 -1 -1  1  1 -1 -1 -1 -1  1  1  1  1 -1 -1 -1 -1  1  1 -1 -1  1  1]
 [ 1 -1  1 -1  1 -1  1 -1  1 -1  1 -1  1 -1  1 -1  1 -1  1 -1  1 -1  1 -1]
 [ 1 -1  1 -1  1 -1  1 -1  1 -1  1 -1 -1  1 -1  1 -1  1 -1  1 -1  1 -1  1]
 [ 1 -1  1 -1  1 -1 -1  1 -1  1 -1  1  1 -1  1 -1  1 -1 -1  1 -1  1 -1  1]
 [ 1 -1 -1  1 -1  1  1 -1  1 -1 -1  1  1 -1  1 -1 -1  1  1 -1 -1  1 -1  1]
 [ 1 -1  1 -1 -1  1  1 -1 -1  1 -1  1  1 -1 -1  1 -1  1 -1  1  1 -1  1 -1]
 [ 1 -1  1 -1 -1  1 -1  1 -1  1  1 -1 -1  1  1 -1 -1  1  1 -1  1 -1 -1  1]
 [ 1 -1 -1  1  1 -1  1 -1 -1  1 -1  1 -1  1 -1  1  1 -1  1 -1  1 -1 -1  1]
 [ 1 -1  1 -1 -1  1 -1  1  1 -1 -1  1 -1  1 -1  1  1 -1  1 -1 -1  1  1 -1]
 [ 1 -1 -1  1 -1  1 -1  1  1 -1  1 -1  1 -1 -1  1  1 -1 -1  1  1 -1 -1  1]
 [ 1 -1 -1  1  1 -1 -1  1  1 -1 -1  1 -1  1  1 -1 -1  1 -1  1  1 -1  1 -1]
 [ 1 -1 -1  1 -1  1  1 -1 -1  1  1 -1 -1  1  1 -1  1 -1 -1  1 -1  1  1 -1]
 [ 1 -1 -1  1  1 -1 -1  1 -1  1  1 -1  1 -1 -1  1 -1  1  1 -1 -1  1  1 -1]]
W???????????CnCnAVfY?Cn?Q{FY??dwBl??zO?FY??\g??
adjacency matrix:
[[0 0 0 0 0 0 0 0 0 0 0 0 0 0 0 1 0 0 1 0 1 1 1 1]
 [0 0 0 0 0 0 0 0 0 0 0 0 0 0 0 1 0 0 1 0 1 1 1 1]
 [0 0 0 0 0 0 0 0 0 0 0 0 0 0 0 1 0 0 1 0 1 1 1 1]
 [0 0 0 0 0 0 0 0 0 0 0 0 1 1 1 0 1 1 0 1 0 0 0 0]
 [0 0 0 0 0 0 0 0 0 0 0 0 0 0 0 1 0 0 1 0 1 1 1 1]
 [0 0 0 0 0 0 0 0 0 0 0 0 0 0 0 1 0 0 1 0 1 1 1 1]
 [0 0 0 0 0 0 0 0 0 0 0 0 1 1 1 0 1 1 0 1 0 0 0 0]
 [0 0 0 0 0 0 0 0 0 0 0 0 0 0 0 1 0 0 1 0 1 1 1 1]
 [0 0 0 0 0 0 0 0 0 0 0 0 1 1 1 0 1 1 0 1 0 0 0 0]
 [0 0 0 0 0 0 0 0 0 0 0 0 1 1 1 0 1 1 0 1 0 0 0 0]
 [0 0 0 0 0 0 0 0 0 0 0 0 1 1 1 0 1 1 0 1 0 0 0 0]
 [0 0 0 0 0 0 0 0 0 0 0 0 1 1 1 0 1 1 0 1 0 0 0 0]
 [0 0 0 1 0 0 1 0 1 1 1 1 0 0 0 0 0 0 0 0 0 0 0 0]
 [0 0 0 1 0 0 1 0 1 1 1 1 0 0 0 0 0 0 0 0 0 0 0 0]
 [0 0 0 1 0 0 1 0 1 1 1 1 0 0 0 0 0 0 0 0 0 0 0 0]
 [1 1 1 0 1 1 0 1 0 0 0 0 0 0 0 0 0 0 0 0 0 0 0 0]
 [0 0 0 1 0 0 1 0 1 1 1 1 0 0 0 0 0 0 0 0 0 0 0 0]
 [0 0 0 1 0 0 1 0 1 1 1 1 0 0 0 0 0 0 0 0 0 0 0 0]
 [1 1 1 0 1 1 0 1 0 0 0 0 0 0 0 0 0 0 0 0 0 0 0 0]
 [0 0 0 1 0 0 1 0 1 1 1 1 0 0 0 0 0 0 0 0 0 0 0 0]
 [1 1 1 0 1 1 0 1 0 0 0 0 0 0 0 0 0 0 0 0 0 0 0 0]
 [1 1 1 0 1 1 0 1 0 0 0 0 0 0 0 0 0 0 0 0 0 0 0 0]
 [1 1 1 0 1 1 0 1 0 0 0 0 0 0 0 0 0 0 0 0 0 0 0 0]
 [1 1 1 0 1 1 0 1 0 0 0 0 0 0 0 0 0 0 0 0 0 0 0 0]]
eigenvalues: [ 5.99999999e+00 -5.99999999e+00 -6.00000000e+00  6.00000000e+00
 -3.66373598e-15  1.66533454e-15  2.88773423e-09 -2.88769842e-09
 -2.88772541e-09  2.88764353e-09  1.15507437e-09 -1.15508803e-09
 -1.15509335e-09  1.15506971e-09  1.15504473e-09 -1.15510734e-09
  1.39888101e-14  3.19744231e-14 -2.88769822e-09  2.88767655e-09
  2.88764379e-09 -2.88765045e-09 -6.66133815e-16 -4.59632332e-14]
eigenvectors:
[[ 1  1  1  1  1  1  1  1  1  1  1  1  1  1  1  1  1  1  1  1  1  1  1  1]
 [ 1  1  1  1  1  1  1  1  1  1  1  1 -1 -1 -1 -1 -1 -1 -1 -1 -1 -1 -1 -1]
 [ 1  1  1  1  1  1 -1 -1 -1 -1 -1 -1  1  1  1  1  1  1 -1 -1 -1 -1 -1 -1]
 [ 1  1 -1 -1 -1 -1  1  1  1  1 -1 -1  1  1  1  1 -1 -1  1  1 -1 -1 -1 -1]
 [ 1  1  1  1 -1 -1  1  1 -1 -1 -1 -1  1  1 -1 -1 -1 -1 -1 -1  1  1  1  1]
 [ 1  1  1  1 -1 -1 -1 -1 -1 -1  1  1 -1 -1  1  1 -1 -1  1  1  1  1 -1 -1]
 [ 1  1 -1 -1  1  1  1  1 -1 -1 -1 -1 -1 -1 -1 -1  1  1  1  1  1  1 -1 -1]
 [ 1  1  1  1 -1 -1 -1 -1  1  1 -1 -1 -1 -1 -1 -1  1  1  1  1 -1 -1  1  1]
 [ 1  1 -1 -1 -1 -1 -1 -1  1  1  1  1  1  1 -1 -1  1  1 -1 -1  1  1 -1 -1]
 [ 1  1 -1 -1  1  1 -1 -1  1  1 -1 -1 -1 -1  1  1 -1 -1 -1 -1  1  1  1  1]
 [ 1  1 -1 -1 -1 -1  1  1 -1 -1  1  1 -1 -1  1  1  1  1 -1 -1 -1 -1  1  1]
 [ 1  1 -1 -1  1  1 -1 -1 -1 -1  1  1  1  1 -1 -1 -1 -1  1  1 -1 -1  1  1]
 [ 1 -1  1 -1  1 -1  1 -1  1 -1  1 -1  1 -1  1 -1  1 -1  1 -1  1 -1  1 -1]
 [ 1 -1  1 -1  1 -1  1 -1  1 -1  1 -1 -1  1 -1  1 -1  1 -1  1 -1  1 -1  1]
 [ 1 -1  1 -1  1 -1 -1  1 -1  1 -1  1  1 -1  1 -1  1 -1 -1  1 -1  1 -1  1]
 [ 1 -1 -1  1 -1  1  1 -1  1 -1 -1  1  1 -1  1 -1 -1  1  1 -1 -1  1 -1  1]
 [ 1 -1  1 -1 -1  1  1 -1 -1  1 -1  1  1 -1 -1  1 -1  1 -1  1  1 -1  1 -1]
 [ 1 -1  1 -1 -1  1 -1  1 -1  1  1 -1 -1  1  1 -1 -1  1  1 -1  1 -1 -1  1]
 [ 1 -1 -1  1  1 -1  1 -1 -1  1 -1  1 -1  1 -1  1  1 -1  1 -1  1 -1 -1  1]
 [ 1 -1  1 -1 -1  1 -1  1  1 -1 -1  1 -1  1 -1  1  1 -1  1 -1 -1  1  1 -1]
 [ 1 -1 -1  1 -1  1 -1  1  1 -1  1 -1  1 -1 -1  1  1 -1 -1  1  1 -1 -1  1]
 [ 1 -1 -1  1  1 -1 -1  1  1 -1 -1  1 -1  1  1 -1 -1  1 -1  1  1 -1  1 -1]
 [ 1 -1 -1  1 -1  1  1 -1 -1  1  1 -1 -1  1  1 -1  1 -1 -1  1 -1  1  1 -1]
 [ 1 -1 -1  1  1 -1 -1  1 -1  1  1 -1  1 -1 -1  1 -1  1  1 -1 -1  1  1 -1]]
W???????????^~n~Z~f^w|~Bz{FzwF|wB~[?~z?F~g?^~??
adjacency matrix:
[[0 0 0 0 0 0 0 0 0 0 0 0 0 1 1 1 1 1 1 1 1 1 1 1]
 [0 0 0 0 0 0 0 0 0 0 0 0 1 0 1 1 1 1 1 1 1 1 1 1]
 [0 0 0 0 0 0 0 0 0 0 0 0 1 1 0 1 1 1 1 1 1 1 1 1]
 [0 0 0 0 0 0 0 0 0 0 0 0 1 1 1 0 1 1 1 1 1 1 1 1]
 [0 0 0 0 0 0 0 0 0 0 0 0 1 1 1 1 0 1 1 1 1 1 1 1]
 [0 0 0 0 0 0 0 0 0 0 0 0 1 1 1 1 1 0 1 1 1 1 1 1]
 [0 0 0 0 0 0 0 0 0 0 0 0 1 1 1 1 1 1 0 1 1 1 1 1]
 [0 0 0 0 0 0 0 0 0 0 0 0 1 1 1 1 1 1 1 0 1 1 1 1]
 [0 0 0 0 0 0 0 0 0 0 0 0 1 1 1 1 1 1 1 1 0 1 1 1]
 [0 0 0 0 0 0 0 0 0 0 0 0 1 1 1 1 1 1 1 1 1 0 1 1]
 [0 0 0 0 0 0 0 0 0 0 0 0 1 1 1 1 1 1 1 1 1 1 0 1]
 [0 0 0 0 0 0 0 0 0 0 0 0 1 1 1 1 1 1 1 1 1 1 1 0]
 [0 1 1 1 1 1 1 1 1 1 1 1 0 0 0 0 0 0 0 0 0 0 0 0]
 [1 0 1 1 1 1 1 1 1 1 1 1 0 0 0 0 0 0 0 0 0 0 0 0]
 [1 1 0 1 1 1 1 1 1 1 1 1 0 0 0 0 0 0 0 0 0 0 0 0]
 [1 1 1 0 1 1 1 1 1 1 1 1 0 0 0 0 0 0 0 0 0 0 0 0]
 [1 1 1 1 0 1 1 1 1 1 1 1 0 0 0 0 0 0 0 0 0 0 0 0]
 [1 1 1 1 1 0 1 1 1 1 1 1 0 0 0 0 0 0 0 0 0 0 0 0]
 [1 1 1 1 1 1 0 1 1 1 1 1 0 0 0 0 0 0 0 0 0 0 0 0]
 [1 1 1 1 1 1 1 0 1 1 1 1 0 0 0 0 0 0 0 0 0 0 0 0]
 [1 1 1 1 1 1 1 1 0 1 1 1 0 0 0 0 0 0 0 0 0 0 0 0]
 [1 1 1 1 1 1 1 1 1 0 1 1 0 0 0 0 0 0 0 0 0 0 0 0]
 [1 1 1 1 1 1 1 1 1 1 0 1 0 0 0 0 0 0 0 0 0 0 0 0]
 [1 1 1 1 1 1 1 1 1 1 1 0 0 0 0 0 0 0 0 0 0 0 0 0]]
eigenvalues: [ 10.99999999 -10.99999999  -1.           1.          -1.
   1.          -1.           1.          -1.           1.
  -1.           1.          -1.           1.          -1.
   1.          -1.           1.          -1.           1.
  -1.           1.          -1.           1.        ]
eigenvectors:
[[ 1  1  1  1  1  1  1  1  1  1  1  1  1  1  1  1  1  1  1  1  1  1  1  1]
 [ 1  1  1  1  1  1  1  1  1  1  1  1 -1 -1 -1 -1 -1 -1 -1 -1 -1 -1 -1 -1]
 [ 1  1  1  1  1  1 -1 -1 -1 -1 -1 -1  1  1  1  1  1  1 -1 -1 -1 -1 -1 -1]
 [ 1  1 -1 -1 -1 -1  1  1  1  1 -1 -1  1  1  1  1 -1 -1  1  1 -1 -1 -1 -1]
 [ 1  1  1  1 -1 -1  1  1 -1 -1 -1 -1  1  1 -1 -1 -1 -1 -1 -1  1  1  1  1]
 [ 1  1  1  1 -1 -1 -1 -1 -1 -1  1  1 -1 -1  1  1 -1 -1  1  1  1  1 -1 -1]
 [ 1  1 -1 -1  1  1  1  1 -1 -1 -1 -1 -1 -1 -1 -1  1  1  1  1  1  1 -1 -1]
 [ 1  1  1  1 -1 -1 -1 -1  1  1 -1 -1 -1 -1 -1 -1  1  1  1  1 -1 -1  1  1]
 [ 1  1 -1 -1 -1 -1 -1 -1  1  1  1  1  1  1 -1 -1  1  1 -1 -1  1  1 -1 -1]
 [ 1  1 -1 -1  1  1 -1 -1  1  1 -1 -1 -1 -1  1  1 -1 -1 -1 -1  1  1  1  1]
 [ 1  1 -1 -1 -1 -1  1  1 -1 -1  1  1 -1 -1  1  1  1  1 -1 -1 -1 -1  1  1]
 [ 1  1 -1 -1  1  1 -1 -1 -1 -1  1  1  1  1 -1 -1 -1 -1  1  1 -1 -1  1  1]
 [ 1 -1  1 -1  1 -1  1 -1  1 -1  1 -1  1 -1  1 -1  1 -1  1 -1  1 -1  1 -1]
 [ 1 -1  1 -1  1 -1  1 -1  1 -1  1 -1 -1  1 -1  1 -1  1 -1  1 -1  1 -1  1]
 [ 1 -1  1 -1  1 -1 -1  1 -1  1 -1  1  1 -1  1 -1  1 -1 -1  1 -1  1 -1  1]
 [ 1 -1 -1  1 -1  1  1 -1  1 -1 -1  1  1 -1  1 -1 -1  1  1 -1 -1  1 -1  1]
 [ 1 -1  1 -1 -1  1  1 -1 -1  1 -1  1  1 -1 -1  1 -1  1 -1  1  1 -1  1 -1]
 [ 1 -1  1 -1 -1  1 -1  1 -1  1  1 -1 -1  1  1 -1 -1  1  1 -1  1 -1 -1  1]
 [ 1 -1 -1  1  1 -1  1 -1 -1  1 -1  1 -1  1 -1  1  1 -1  1 -1  1 -1 -1  1]
 [ 1 -1  1 -1 -1  1 -1  1  1 -1 -1  1 -1  1 -1  1  1 -1  1 -1 -1  1  1 -1]
 [ 1 -1 -1  1 -1  1 -1  1  1 -1  1 -1  1 -1 -1  1  1 -1 -1  1  1 -1 -1  1]
 [ 1 -1 -1  1  1 -1 -1  1  1 -1 -1  1 -1  1  1 -1 -1  1 -1  1  1 -1  1 -1]
 [ 1 -1 -1  1 -1  1  1 -1 -1  1  1 -1 -1  1  1 -1  1 -1 -1  1 -1  1  1 -1]
 [ 1 -1 -1  1  1 -1 -1  1 -1  1  1 -1  1 -1 -1  1 -1  1  1 -1 -1  1  1 -1]]
W`N@pvCMuHWd????_???@??K?B??@o?@s?BC??Mo?EH??Wd
adjacency matrix:
[[0 1 0 0 0 1 0 0 1 0 1 1 0 0 0 0 0 0 0 0 0 0 0 0]
 [1 0 0 0 0 1 0 0 1 0 1 1 0 0 0 0 0 0 0 0 0 0 0 0]
 [0 0 0 1 1 0 1 1 0 1 0 0 0 0 0 0 0 0 0 0 0 0 0 0]
 [0 0 1 0 1 0 1 1 0 1 0 0 0 0 0 0 0 0 0 0 0 0 0 0]
 [0 0 1 1 0 0 1 1 0 1 0 0 0 0 0 0 0 0 0 0 0 0 0 0]
 [1 1 0 0 0 0 0 0 1 0 1 1 0 0 0 0 0 0 0 0 0 0 0 0]
 [0 0 1 1 1 0 0 1 0 1 0 0 0 0 0 0 0 0 0 0 0 0 0 0]
 [0 0 1 1 1 0 1 0 0 1 0 0 0 0 0 0 0 0 0 0 0 0 0 0]
 [1 1 0 0 0 1 0 0 0 0 1 1 0 0 0 0 0 0 0 0 0 0 0 0]
 [0 0 1 1 1 0 1 1 0 0 0 0 0 0 0 0 0 0 0 0 0 0 0 0]
 [1 1 0 0 0 1 0 0 1 0 0 1 0 0 0 0 0 0 0 0 0 0 0 0]
 [1 1 0 0 0 1 0 0 1 0 1 0 0 0 0 0 0 0 0 0 0 0 0 0]
 [0 0 0 0 0 0 0 0 0 0 0 0 0 1 0 0 0 1 0 0 1 0 1 1]
 [0 0 0 0 0 0 0 0 0 0 0 0 1 0 0 0 0 1 0 0 1 0 1 1]
 [0 0 0 0 0 0 0 0 0 0 0 0 0 0 0 1 1 0 1 1 0 1 0 0]
 [0 0 0 0 0 0 0 0 0 0 0 0 0 0 1 0 1 0 1 1 0 1 0 0]
 [0 0 0 0 0 0 0 0 0 0 0 0 0 0 1 1 0 0 1 1 0 1 0 0]
 [0 0 0 0 0 0 0 0 0 0 0 0 1 1 0 0 0 0 0 0 1 0 1 1]
 [0 0 0 0 0 0 0 0 0 0 0 0 0 0 1 1 1 0 0 1 0 1 0 0]
 [0 0 0 0 0 0 0 0 0 0 0 0 0 0 1 1 1 0 1 0 0 1 0 0]
 [0 0 0 0 0 0 0 0 0 0 0 0 1 1 0 0 0 1 0 0 0 0 1 1]
 [0 0 0 0 0 0 0 0 0 0 0 0 0 0 1 1 1 0 1 1 0 0 0 0]
 [0 0 0 0 0 0 0 0 0 0 0 0 1 1 0 0 0 1 0 0 1 0 0 1]
 [0 0 0 0 0 0 0 0 0 0 0 0 1 1 0 0 0 1 0 0 1 0 1 0]]
eigenvalues: [ 5.  5. -1. -1. -1. -1. -1. -1. -1. -1.  5.  5. -1. -1. -1. -1. -1. -1.
 -1. -1. -1. -1. -1. -1.]
eigenvectors:
[[ 1  1  1  1  1  1  1  1  1  1  1  1  1  1  1  1  1  1  1  1  1  1  1  1]
 [ 1  1  1  1  1  1  1  1  1  1  1  1 -1 -1 -1 -1 -1 -1 -1 -1 -1 -1 -1 -1]
 [ 1  1  1  1  1  1 -1 -1 -1 -1 -1 -1  1  1  1  1  1  1 -1 -1 -1 -1 -1 -1]
 [ 1  1 -1 -1 -1 -1  1  1  1  1 -1 -1  1  1  1  1 -1 -1  1  1 -1 -1 -1 -1]
 [ 1  1  1  1 -1 -1  1  1 -1 -1 -1 -1  1  1 -1 -1 -1 -1 -1 -1  1  1  1  1]
 [ 1  1  1  1 -1 -1 -1 -1 -1 -1  1  1 -1 -1  1  1 -1 -1  1  1  1  1 -1 -1]
 [ 1  1 -1 -1  1  1  1  1 -1 -1 -1 -1 -1 -1 -1 -1  1  1  1  1  1  1 -1 -1]
 [ 1  1  1  1 -1 -1 -1 -1  1  1 -1 -1 -1 -1 -1 -1  1  1  1  1 -1 -1  1  1]
 [ 1  1 -1 -1 -1 -1 -1 -1  1  1  1  1  1  1 -1 -1  1  1 -1 -1  1  1 -1 -1]
 [ 1  1 -1 -1  1  1 -1 -1  1  1 -1 -1 -1 -1  1  1 -1 -1 -1 -1  1  1  1  1]
 [ 1  1 -1 -1 -1 -1  1  1 -1 -1  1  1 -1 -1  1  1  1  1 -1 -1 -1 -1  1  1]
 [ 1  1 -1 -1  1  1 -1 -1 -1 -1  1  1  1  1 -1 -1 -1 -1  1  1 -1 -1  1  1]
 [ 1 -1  1 -1  1 -1  1 -1  1 -1  1 -1  1 -1  1 -1  1 -1  1 -1  1 -1  1 -1]
 [ 1 -1  1 -1  1 -1  1 -1  1 -1  1 -1 -1  1 -1  1 -1  1 -1  1 -1  1 -1  1]
 [ 1 -1  1 -1  1 -1 -1  1 -1  1 -1  1  1 -1  1 -1  1 -1 -1  1 -1  1 -1  1]
 [ 1 -1 -1  1 -1  1  1 -1  1 -1 -1  1  1 -1  1 -1 -1  1  1 -1 -1  1 -1  1]
 [ 1 -1  1 -1 -1  1  1 -1 -1  1 -1  1  1 -1 -1  1 -1  1 -1  1  1 -1  1 -1]
 [ 1 -1  1 -1 -1  1 -1  1 -1  1  1 -1 -1  1  1 -1 -1  1  1 -1  1 -1 -1  1]
 [ 1 -1 -1  1  1 -1  1 -1 -1  1 -1  1 -1  1 -1  1  1 -1  1 -1  1 -1 -1  1]
 [ 1 -1  1 -1 -1  1 -1  1  1 -1 -1  1 -1  1 -1  1  1 -1  1 -1 -1  1  1 -1]
 [ 1 -1 -1  1 -1  1 -1  1  1 -1  1 -1  1 -1 -1  1  1 -1 -1  1  1 -1 -1  1]
 [ 1 -1 -1  1  1 -1 -1  1  1 -1 -1  1 -1  1  1 -1 -1  1 -1  1  1 -1  1 -1]
 [ 1 -1 -1  1 -1  1  1 -1 -1  1  1 -1 -1  1  1 -1  1 -1 -1  1 -1  1  1 -1]
 [ 1 -1 -1  1  1 -1 -1  1 -1  1  1 -1  1 -1 -1  1 -1  1  1 -1 -1  1  1 -1]]
W`N@pvCMuHWdDpIMhFCMHWMMRFCiHskHtgZCYIMrPeHQwWd
adjacency matrix:
[[0 1 0 0 0 1 0 0 1 0 1 1 0 0 0 1 0 1 1 1 0 0 0 1]
 [1 0 0 0 0 1 0 0 1 0 1 1 0 0 1 0 1 0 0 0 1 1 1 0]
 [0 0 0 1 1 0 1 1 0 1 0 0 0 1 0 0 1 0 0 0 1 1 1 0]
 [0 0 1 0 1 0 1 1 0 1 0 0 1 0 0 0 0 1 1 1 0 0 0 1]
 [0 0 1 1 0 0 1 1 0 1 0 0 0 1 1 0 0 0 0 0 1 1 1 0]
 [1 1 0 0 0 0 0 0 1 0 1 1 1 0 0 1 0 0 1 1 0 0 0 1]
 [0 0 1 1 1 0 0 1 0 1 0 0 1 0 0 1 0 1 0 1 0 0 0 1]
 [0 0 1 1 1 0 1 0 0 1 0 0 1 0 0 1 0 1 1 0 0 0 0 1]
 [1 1 0 0 0 1 0 0 0 0 1 1 0 1 1 0 1 0 0 0 0 1 1 0]
 [0 0 1 1 1 0 1 1 0 0 0 0 0 1 1 0 1 0 0 0 1 0 1 0]
 [1 1 0 0 0 1 0 0 1 0 0 1 0 1 1 0 1 0 0 0 1 1 0 0]
 [1 1 0 0 0 1 0 0 1 0 1 0 1 0 0 1 0 1 1 1 0 0 0 0]
 [0 0 0 1 0 1 1 1 0 0 0 1 0 1 0 0 0 1 0 0 1 0 1 1]
 [0 0 1 0 1 0 0 0 1 1 1 0 1 0 0 0 0 1 0 0 1 0 1 1]
 [0 1 0 0 1 0 0 0 1 1 1 0 0 0 0 1 1 0 1 1 0 1 0 0]
 [1 0 0 0 0 1 1 1 0 0 0 1 0 0 1 0 1 0 1 1 0 1 0 0]
 [0 1 1 0 0 0 0 0 1 1 1 0 0 0 1 1 0 0 1 1 0 1 0 0]
 [1 0 0 1 0 0 1 1 0 0 0 1 1 1 0 0 0 0 0 0 1 0 1 1]
 [1 0 0 1 0 1 0 1 0 0 0 1 0 0 1 1 1 0 0 1 0 1 0 0]
 [1 0 0 1 0 1 1 0 0 0 0 1 0 0 1 1 1 0 1 0 0 1 0 0]
 [0 1 1 0 1 0 0 0 0 1 1 0 1 1 0 0 0 1 0 0 0 0 1 1]
 [0 1 1 0 1 0 0 0 1 0 1 0 0 0 1 1 1 0 1 1 0 0 0 0]
 [0 1 1 0 1 0 0 0 1 1 0 0 1 1 0 0 0 1 0 0 1 0 0 1]
 [1 0 0 1 0 1 1 1 0 0 0 0 1 1 0 0 0 1 0 0 1 0 1 0]]
eigenvalues: [ 9.99999999e+00  4.04279543e-09 -2.00000000e+00 -2.88765421e-09
 -2.00000000e+00 -5.77531023e-10 -2.00000000e+00 -2.88769941e-09
 -2.00000000e+00  2.88760820e-09  4.00000000e+00  6.00000000e+00
 -2.00000000e+00  5.77546344e-10 -2.00000000e+00 -5.77585979e-10
 -2.00000000e+00 -5.77531689e-10  4.00000000e+00 -6.00000000e+00
 -2.00000000e+00 -2.88761881e-09 -2.00000000e+00  5.77490222e-10]
eigenvectors:
[[ 1  1  1  1  1  1  1  1  1  1  1  1  1  1  1  1  1  1  1  1  1  1  1  1]
 [ 1  1  1  1  1  1  1  1  1  1  1  1 -1 -1 -1 -1 -1 -1 -1 -1 -1 -1 -1 -1]
 [ 1  1  1  1  1  1 -1 -1 -1 -1 -1 -1  1  1  1  1  1  1 -1 -1 -1 -1 -1 -1]
 [ 1  1 -1 -1 -1 -1  1  1  1  1 -1 -1  1  1  1  1 -1 -1  1  1 -1 -1 -1 -1]
 [ 1  1  1  1 -1 -1  1  1 -1 -1 -1 -1  1  1 -1 -1 -1 -1 -1 -1  1  1  1  1]
 [ 1  1  1  1 -1 -1 -1 -1 -1 -1  1  1 -1 -1  1  1 -1 -1  1  1  1  1 -1 -1]
 [ 1  1 -1 -1  1  1  1  1 -1 -1 -1 -1 -1 -1 -1 -1  1  1  1  1  1  1 -1 -1]
 [ 1  1  1  1 -1 -1 -1 -1  1  1 -1 -1 -1 -1 -1 -1  1  1  1  1 -1 -1  1  1]
 [ 1  1 -1 -1 -1 -1 -1 -1  1  1  1  1  1  1 -1 -1  1  1 -1 -1  1  1 -1 -1]
 [ 1  1 -1 -1  1  1 -1 -1  1  1 -1 -1 -1 -1  1  1 -1 -1 -1 -1  1  1  1  1]
 [ 1  1 -1 -1 -1 -1  1  1 -1 -1  1  1 -1 -1  1  1  1  1 -1 -1 -1 -1  1  1]
 [ 1  1 -1 -1  1  1 -1 -1 -1 -1  1  1  1  1 -1 -1 -1 -1  1  1 -1 -1  1  1]
 [ 1 -1  1 -1  1 -1  1 -1  1 -1  1 -1  1 -1  1 -1  1 -1  1 -1  1 -1  1 -1]
 [ 1 -1  1 -1  1 -1  1 -1  1 -1  1 -1 -1  1 -1  1 -1  1 -1  1 -1  1 -1  1]
 [ 1 -1  1 -1  1 -1 -1  1 -1  1 -1  1  1 -1  1 -1  1 -1 -1  1 -1  1 -1  1]
 [ 1 -1 -1  1 -1  1  1 -1  1 -1 -1  1  1 -1  1 -1 -1  1  1 -1 -1  1 -1  1]
 [ 1 -1  1 -1 -1  1  1 -1 -1  1 -1  1  1 -1 -1  1 -1  1 -1  1  1 -1  1 -1]
 [ 1 -1  1 -1 -1  1 -1  1 -1  1  1 -1 -1  1  1 -1 -1  1  1 -1  1 -1 -1  1]
 [ 1 -1 -1  1  1 -1  1 -1 -1  1 -1  1 -1  1 -1  1  1 -1  1 -1  1 -1 -1  1]
 [ 1 -1  1 -1 -1  1 -1  1  1 -1 -1  1 -1  1 -1  1  1 -1  1 -1 -1  1  1 -1]
 [ 1 -1 -1  1 -1  1 -1  1  1 -1  1 -1  1 -1 -1  1  1 -1 -1  1  1 -1 -1  1]
 [ 1 -1 -1  1  1 -1 -1  1  1 -1 -1  1 -1  1  1 -1 -1  1 -1  1  1 -1  1 -1]
 [ 1 -1 -1  1 -1  1  1 -1 -1  1  1 -1 -1  1  1 -1  1 -1 -1  1 -1  1  1 -1]
 [ 1 -1 -1  1  1 -1 -1  1 -1  1  1 -1  1 -1 -1  1 -1  1  1 -1 -1  1  1 -1]]
W`N@pvCMuHWdCnCnaVfY@CnKQ~FY@odxvlBCzOMvYEH\gWd
adjacency matrix:
[[0 1 0 0 0 1 0 0 1 0 1 1 0 0 0 1 0 0 1 0 1 1 1 1]
 [1 0 0 0 0 1 0 0 1 0 1 1 0 0 0 1 0 0 1 0 1 1 1 1]
 [0 0 0 1 1 0 1 1 0 1 0 0 0 0 0 1 0 0 1 0 1 1 1 1]
 [0 0 1 0 1 0 1 1 0 1 0 0 1 1 1 0 1 1 0 1 0 0 0 0]
 [0 0 1 1 0 0 1 1 0 1 0 0 0 0 0 1 0 0 1 0 1 1 1 1]
 [1 1 0 0 0 0 0 0 1 0 1 1 0 0 0 1 0 0 1 0 1 1 1 1]
 [0 0 1 1 1 0 0 1 0 1 0 0 1 1 1 0 1 1 0 1 0 0 0 0]
 [0 0 1 1 1 0 1 0 0 1 0 0 0 0 0 1 0 0 1 0 1 1 1 1]
 [1 1 0 0 0 1 0 0 0 0 1 1 1 1 1 0 1 1 0 1 0 0 0 0]
 [0 0 1 1 1 0 1 1 0 0 0 0 1 1 1 0 1 1 0 1 0 0 0 0]
 [1 1 0 0 0 1 0 0 1 0 0 1 1 1 1 0 1 1 0 1 0 0 0 0]
 [1 1 0 0 0 1 0 0 1 0 1 0 1 1 1 0 1 1 0 1 0 0 0 0]
 [0 0 0 1 0 0 1 0 1 1 1 1 0 1 0 0 0 1 0 0 1 0 1 1]
 [0 0 0 1 0 0 1 0 1 1 1 1 1 0 0 0 0 1 0 0 1 0 1 1]
 [0 0 0 1 0 0 1 0 1 1 1 1 0 0 0 1 1 0 1 1 0 1 0 0]
 [1 1 1 0 1 1 0 1 0 0 0 0 0 0 1 0 1 0 1 1 0 1 0 0]
 [0 0 0 1 0 0 1 0 1 1 1 1 0 0 1 1 0 0 1 1 0 1 0 0]
 [0 0 0 1 0 0 1 0 1 1 1 1 1 1 0 0 0 0 0 0 1 0 1 1]
 [1 1 1 0 1 1 0 1 0 0 0 0 0 0 1 1 1 0 0 1 0 1 0 0]
 [0 0 0 1 0 0 1 0 1 1 1 1 0 0 1 1 1 0 1 0 0 1 0 0]
 [1 1 1 0 1 1 0 1 0 0 0 0 1 1 0 0 0 1 0 0 0 0 1 1]
 [1 1 1 0 1 1 0 1 0 0 0 0 0 0 1 1 1 0 1 1 0 0 0 0]
 [1 1 1 0 1 1 0 1 0 0 0 0 1 1 0 0 0 1 0 0 1 0 0 1]
 [1 1 1 0 1 1 0 1 0 0 0 0 1 1 0 0 0 1 0 0 1 0 1 0]]
eigenvalues: [10.99999999 -1.         -7.          5.         -1.         -1.
 -1.         -1.         -1.         -1.          5.          5.
 -1.         -1.         -1.         -1.         -1.         -1.
 -1.         -1.         -1.         -1.         -1.         -1.        ]
eigenvectors:
[[ 1  1  1  1  1  1  1  1  1  1  1  1  1  1  1  1  1  1  1  1  1  1  1  1]
 [ 1  1  1  1  1  1  1  1  1  1  1  1 -1 -1 -1 -1 -1 -1 -1 -1 -1 -1 -1 -1]
 [ 1  1  1  1  1  1 -1 -1 -1 -1 -1 -1  1  1  1  1  1  1 -1 -1 -1 -1 -1 -1]
 [ 1  1 -1 -1 -1 -1  1  1  1  1 -1 -1  1  1  1  1 -1 -1  1  1 -1 -1 -1 -1]
 [ 1  1  1  1 -1 -1  1  1 -1 -1 -1 -1  1  1 -1 -1 -1 -1 -1 -1  1  1  1  1]
 [ 1  1  1  1 -1 -1 -1 -1 -1 -1  1  1 -1 -1  1  1 -1 -1  1  1  1  1 -1 -1]
 [ 1  1 -1 -1  1  1  1  1 -1 -1 -1 -1 -1 -1 -1 -1  1  1  1  1  1  1 -1 -1]
 [ 1  1  1  1 -1 -1 -1 -1  1  1 -1 -1 -1 -1 -1 -1  1  1  1  1 -1 -1  1  1]
 [ 1  1 -1 -1 -1 -1 -1 -1  1  1  1  1  1  1 -1 -1  1  1 -1 -1  1  1 -1 -1]
 [ 1  1 -1 -1  1  1 -1 -1  1  1 -1 -1 -1 -1  1  1 -1 -1 -1 -1  1  1  1  1]
 [ 1  1 -1 -1 -1 -1  1  1 -1 -1  1  1 -1 -1  1  1  1  1 -1 -1 -1 -1  1  1]
 [ 1  1 -1 -1  1  1 -1 -1 -1 -1  1  1  1  1 -1 -1 -1 -1  1  1 -1 -1  1  1]
 [ 1 -1  1 -1  1 -1  1 -1  1 -1  1 -1  1 -1  1 -1  1 -1  1 -1  1 -1  1 -1]
 [ 1 -1  1 -1  1 -1  1 -1  1 -1  1 -1 -1  1 -1  1 -1  1 -1  1 -1  1 -1  1]
 [ 1 -1  1 -1  1 -1 -1  1 -1  1 -1  1  1 -1  1 -1  1 -1 -1  1 -1  1 -1  1]
 [ 1 -1 -1  1 -1  1  1 -1  1 -1 -1  1  1 -1  1 -1 -1  1  1 -1 -1  1 -1  1]
 [ 1 -1  1 -1 -1  1  1 -1 -1  1 -1  1  1 -1 -1  1 -1  1 -1  1  1 -1  1 -1]
 [ 1 -1  1 -1 -1  1 -1  1 -1  1  1 -1 -1  1  1 -1 -1  1  1 -1  1 -1 -1  1]
 [ 1 -1 -1  1  1 -1  1 -1 -1  1 -1  1 -1  1 -1  1  1 -1  1 -1  1 -1 -1  1]
 [ 1 -1  1 -1 -1  1 -1  1  1 -1 -1  1 -1  1 -1  1  1 -1  1 -1 -1  1  1 -1]
 [ 1 -1 -1  1 -1  1 -1  1  1 -1  1 -1  1 -1 -1  1  1 -1 -1  1  1 -1 -1  1]
 [ 1 -1 -1  1  1 -1 -1  1  1 -1 -1  1 -1  1  1 -1 -1  1 -1  1  1 -1  1 -1]
 [ 1 -1 -1  1 -1  1  1 -1 -1  1  1 -1 -1  1  1 -1  1 -1 -1  1 -1  1  1 -1]
 [ 1 -1 -1  1  1 -1 -1  1 -1  1  1 -1  1 -1 -1  1 -1  1  1 -1 -1  1  1 -1]]
W`N@pvCMuHWdMsMswdeHXpJKzREHXuHXszRCpJMpueHFYWd
adjacency matrix:
[[0 1 0 0 0 1 0 0 1 0 1 1 0 0 1 1 1 0 1 1 0 1 0 0]
 [1 0 0 0 0 1 0 0 1 0 1 1 0 0 1 1 1 0 1 1 0 1 0 0]
 [0 0 0 1 1 0 1 1 0 1 0 0 1 1 0 0 0 1 0 0 1 0 1 1]
 [0 0 1 0 1 0 1 1 0 1 0 0 1 1 0 0 0 1 0 0 1 0 1 1]
 [0 0 1 1 0 0 1 1 0 1 0 0 1 1 0 0 0 1 0 0 1 0 1 1]
 [1 1 0 0 0 0 0 0 1 0 1 1 0 0 1 1 1 0 1 1 0 1 0 0]
 [0 0 1 1 1 0 0 1 0 1 0 0 1 1 0 0 0 1 0 0 1 0 1 1]
 [0 0 1 1 1 0 1 0 0 1 0 0 1 1 0 0 0 1 0 0 1 0 1 1]
 [1 1 0 0 0 1 0 0 0 0 1 1 0 0 1 1 1 0 1 1 0 1 0 0]
 [0 0 1 1 1 0 1 1 0 0 0 0 1 1 0 0 0 1 0 0 1 0 1 1]
 [1 1 0 0 0 1 0 0 1 0 0 1 0 0 1 1 1 0 1 1 0 1 0 0]
 [1 1 0 0 0 1 0 0 1 0 1 0 0 0 1 1 1 0 1 1 0 1 0 0]
 [0 0 1 1 1 0 1 1 0 1 0 0 0 1 0 0 0 1 0 0 1 0 1 1]
 [0 0 1 1 1 0 1 1 0 1 0 0 1 0 0 0 0 1 0 0 1 0 1 1]
 [1 1 0 0 0 1 0 0 1 0 1 1 0 0 0 1 1 0 1 1 0 1 0 0]
 [1 1 0 0 0 1 0 0 1 0 1 1 0 0 1 0 1 0 1 1 0 1 0 0]
 [1 1 0 0 0 1 0 0 1 0 1 1 0 0 1 1 0 0 1 1 0 1 0 0]
 [0 0 1 1 1 0 1 1 0 1 0 0 1 1 0 0 0 0 0 0 1 0 1 1]
 [1 1 0 0 0 1 0 0 1 0 1 1 0 0 1 1 1 0 0 1 0 1 0 0]
 [1 1 0 0 0 1 0 0 1 0 1 1 0 0 1 1 1 0 1 0 0 1 0 0]
 [0 0 1 1 1 0 1 1 0 1 0 0 1 1 0 0 0 1 0 0 0 0 1 1]
 [1 1 0 0 0 1 0 0 1 0 1 1 0 0 1 1 1 0 1 1 0 0 0 0]
 [0 0 1 1 1 0 1 1 0 1 0 0 1 1 0 0 0 1 0 0 1 0 0 1]
 [0 0 1 1 1 0 1 1 0 1 0 0 1 1 0 0 0 1 0 0 1 0 1 0]]
eigenvalues: [11. -1. -1. -1. -1. -1. -1. -1. -1. -1. -1. 11. -1. -1. -1. -1. -1. -1.
 -1. -1. -1. -1. -1. -1.]
eigenvectors:
[[ 1  1  1  1  1  1  1  1  1  1  1  1  1  1  1  1  1  1  1  1  1  1  1  1]
 [ 1  1  1  1  1  1  1  1  1  1  1  1 -1 -1 -1 -1 -1 -1 -1 -1 -1 -1 -1 -1]
 [ 1  1  1  1  1  1 -1 -1 -1 -1 -1 -1  1  1  1  1  1  1 -1 -1 -1 -1 -1 -1]
 [ 1  1 -1 -1 -1 -1  1  1  1  1 -1 -1  1  1  1  1 -1 -1  1  1 -1 -1 -1 -1]
 [ 1  1  1  1 -1 -1  1  1 -1 -1 -1 -1  1  1 -1 -1 -1 -1 -1 -1  1  1  1  1]
 [ 1  1  1  1 -1 -1 -1 -1 -1 -1  1  1 -1 -1  1  1 -1 -1  1  1  1  1 -1 -1]
 [ 1  1 -1 -1  1  1  1  1 -1 -1 -1 -1 -1 -1 -1 -1  1  1  1  1  1  1 -1 -1]
 [ 1  1  1  1 -1 -1 -1 -1  1  1 -1 -1 -1 -1 -1 -1  1  1  1  1 -1 -1  1  1]
 [ 1  1 -1 -1 -1 -1 -1 -1  1  1  1  1  1  1 -1 -1  1  1 -1 -1  1  1 -1 -1]
 [ 1  1 -1 -1  1  1 -1 -1  1  1 -1 -1 -1 -1  1  1 -1 -1 -1 -1  1  1  1  1]
 [ 1  1 -1 -1 -1 -1  1  1 -1 -1  1  1 -1 -1  1  1  1  1 -1 -1 -1 -1  1  1]
 [ 1  1 -1 -1  1  1 -1 -1 -1 -1  1  1  1  1 -1 -1 -1 -1  1  1 -1 -1  1  1]
 [ 1 -1  1 -1  1 -1  1 -1  1 -1  1 -1  1 -1  1 -1  1 -1  1 -1  1 -1  1 -1]
 [ 1 -1  1 -1  1 -1  1 -1  1 -1  1 -1 -1  1 -1  1 -1  1 -1  1 -1  1 -1  1]
 [ 1 -1  1 -1  1 -1 -1  1 -1  1 -1  1  1 -1  1 -1  1 -1 -1  1 -1  1 -1  1]
 [ 1 -1 -1  1 -1  1  1 -1  1 -1 -1  1  1 -1  1 -1 -1  1  1 -1 -1  1 -1  1]
 [ 1 -1  1 -1 -1  1  1 -1 -1  1 -1  1  1 -1 -1  1 -1  1 -1  1  1 -1  1 -1]
 [ 1 -1  1 -1 -1  1 -1  1 -1  1  1 -1 -1  1  1 -1 -1  1  1 -1  1 -1 -1  1]
 [ 1 -1 -1  1  1 -1  1 -1 -1  1 -1  1 -1  1 -1  1  1 -1  1 -1  1 -1 -1  1]
 [ 1 -1  1 -1 -1  1 -1  1  1 -1 -1  1 -1  1 -1  1  1 -1  1 -1 -1  1  1 -1]
 [ 1 -1 -1  1 -1  1 -1  1  1 -1  1 -1  1 -1 -1  1  1 -1 -1  1  1 -1 -1  1]
 [ 1 -1 -1  1  1 -1 -1  1  1 -1 -1  1 -1  1  1 -1 -1  1 -1  1  1 -1  1 -1]
 [ 1 -1 -1  1 -1  1  1 -1 -1  1  1 -1 -1  1  1 -1  1 -1 -1  1 -1  1  1 -1]
 [ 1 -1 -1  1  1 -1 -1  1 -1  1  1 -1  1 -1 -1  1 -1  1  1 -1 -1  1  1 -1]]
W`N@pvCMuHWdPJ`JbY@U`KsN?n@q`ps`vCNCMoMuHMHWdWd
adjacency matrix:
[[0 1 0 0 0 1 0 0 1 0 1 1 0 1 0 0 0 1 0 0 1 0 1 1]
 [1 0 0 0 0 1 0 0 1 0 1 1 1 0 0 0 0 1 0 0 1 0 1 1]
 [0 0 0 1 1 0 1 1 0 1 0 0 0 0 0 1 1 0 1 1 0 1 0 0]
 [0 0 1 0 1 0 1 1 0 1 0 0 0 0 1 0 1 0 1 1 0 1 0 0]
 [0 0 1 1 0 0 1 1 0 1 0 0 0 0 1 1 0 0 1 1 0 1 0 0]
 [1 1 0 0 0 0 0 0 1 0 1 1 1 1 0 0 0 0 0 0 1 0 1 1]
 [0 0 1 1 1 0 0 1 0 1 0 0 0 0 1 1 1 0 0 1 0 1 0 0]
 [0 0 1 1 1 0 1 0 0 1 0 0 0 0 1 1 1 0 1 0 0 1 0 0]
 [1 1 0 0 0 1 0 0 0 0 1 1 1 1 0 0 0 1 0 0 0 0 1 1]
 [0 0 1 1 1 0 1 1 0 0 0 0 0 0 1 1 1 0 1 1 0 0 0 0]
 [1 1 0 0 0 1 0 0 1 0 0 1 1 1 0 0 0 1 0 0 1 0 0 1]
 [1 1 0 0 0 1 0 0 1 0 1 0 1 1 0 0 0 1 0 0 1 0 1 0]
 [0 1 0 0 0 1 0 0 1 0 1 1 0 1 0 0 0 1 0 0 1 0 1 1]
 [1 0 0 0 0 1 0 0 1 0 1 1 1 0 0 0 0 1 0 0 1 0 1 1]
 [0 0 0 1 1 0 1 1 0 1 0 0 0 0 0 1 1 0 1 1 0 1 0 0]
 [0 0 1 0 1 0 1 1 0 1 0 0 0 0 1 0 1 0 1 1 0 1 0 0]
 [0 0 1 1 0 0 1 1 0 1 0 0 0 0 1 1 0 0 1 1 0 1 0 0]
 [1 1 0 0 0 0 0 0 1 0 1 1 1 1 0 0 0 0 0 0 1 0 1 1]
 [0 0 1 1 1 0 0 1 0 1 0 0 0 0 1 1 1 0 0 1 0 1 0 0]
 [0 0 1 1 1 0 1 0 0 1 0 0 0 0 1 1 1 0 1 0 0 1 0 0]
 [1 1 0 0 0 1 0 0 0 0 1 1 1 1 0 0 0 1 0 0 0 0 1 1]
 [0 0 1 1 1 0 1 1 0 0 0 0 0 0 1 1 1 0 1 1 0 0 0 0]
 [1 1 0 0 0 1 0 0 1 0 0 1 1 1 0 0 0 1 0 0 1 0 0 1]
 [1 1 0 0 0 1 0 0 1 0 1 0 1 1 0 0 0 1 0 0 1 0 1 0]]
eigenvalues: [ 1.00000000e+01  1.73266182e-09 -2.00000000e+00 -1.15503394e-09
 -2.00000000e+00 -1.15508836e-09 -2.00000000e+00 -1.73263870e-09
 -2.00000000e+00  1.15500309e-09  1.00000000e+01  5.77546540e-10
 -2.00000000e+00 -5.77530680e-10 -2.00000000e+00  5.77493720e-10
 -2.00000000e+00 -1.15506471e-09 -2.00000000e+00  1.73262674e-09
 -2.00000000e+00 -1.73255776e-09 -2.00000000e+00  1.73256443e-09]
eigenvectors:
[[ 1  1  1  1  1  1  1  1  1  1  1  1  1  1  1  1  1  1  1  1  1  1  1  1]
 [ 1  1  1  1  1  1  1  1  1  1  1  1 -1 -1 -1 -1 -1 -1 -1 -1 -1 -1 -1 -1]
 [ 1  1  1  1  1  1 -1 -1 -1 -1 -1 -1  1  1  1  1  1  1 -1 -1 -1 -1 -1 -1]
 [ 1  1 -1 -1 -1 -1  1  1  1  1 -1 -1  1  1  1  1 -1 -1  1  1 -1 -1 -1 -1]
 [ 1  1  1  1 -1 -1  1  1 -1 -1 -1 -1  1  1 -1 -1 -1 -1 -1 -1  1  1  1  1]
 [ 1  1  1  1 -1 -1 -1 -1 -1 -1  1  1 -1 -1  1  1 -1 -1  1  1  1  1 -1 -1]
 [ 1  1 -1 -1  1  1  1  1 -1 -1 -1 -1 -1 -1 -1 -1  1  1  1  1  1  1 -1 -1]
 [ 1  1  1  1 -1 -1 -1 -1  1  1 -1 -1 -1 -1 -1 -1  1  1  1  1 -1 -1  1  1]
 [ 1  1 -1 -1 -1 -1 -1 -1  1  1  1  1  1  1 -1 -1  1  1 -1 -1  1  1 -1 -1]
 [ 1  1 -1 -1  1  1 -1 -1  1  1 -1 -1 -1 -1  1  1 -1 -1 -1 -1  1  1  1  1]
 [ 1  1 -1 -1 -1 -1  1  1 -1 -1  1  1 -1 -1  1  1  1  1 -1 -1 -1 -1  1  1]
 [ 1  1 -1 -1  1  1 -1 -1 -1 -1  1  1  1  1 -1 -1 -1 -1  1  1 -1 -1  1  1]
 [ 1 -1  1 -1  1 -1  1 -1  1 -1  1 -1  1 -1  1 -1  1 -1  1 -1  1 -1  1 -1]
 [ 1 -1  1 -1  1 -1  1 -1  1 -1  1 -1 -1  1 -1  1 -1  1 -1  1 -1  1 -1  1]
 [ 1 -1  1 -1  1 -1 -1  1 -1  1 -1  1  1 -1  1 -1  1 -1 -1  1 -1  1 -1  1]
 [ 1 -1 -1  1 -1  1  1 -1  1 -1 -1  1  1 -1  1 -1 -1  1  1 -1 -1  1 -1  1]
 [ 1 -1  1 -1 -1  1  1 -1 -1  1 -1  1  1 -1 -1  1 -1  1 -1  1  1 -1  1 -1]
 [ 1 -1  1 -1 -1  1 -1  1 -1  1  1 -1 -1  1  1 -1 -1  1  1 -1  1 -1 -1  1]
 [ 1 -1 -1  1  1 -1  1 -1 -1  1 -1  1 -1  1 -1  1  1 -1  1 -1  1 -1 -1  1]
 [ 1 -1  1 -1 -1  1 -1  1  1 -1 -1  1 -1  1 -1  1  1 -1  1 -1 -1  1  1 -1]
 [ 1 -1 -1  1 -1  1 -1  1  1 -1  1 -1  1 -1 -1  1  1 -1 -1  1  1 -1 -1  1]
 [ 1 -1 -1  1  1 -1 -1  1  1 -1 -1  1 -1  1  1 -1 -1  1 -1  1  1 -1  1 -1]
 [ 1 -1 -1  1 -1  1  1 -1 -1  1  1 -1 -1  1  1 -1  1 -1 -1  1 -1  1  1 -1]
 [ 1 -1 -1  1  1 -1 -1  1 -1  1  1 -1  1 -1 -1  1 -1  1  1 -1 -1  1  1 -1]]
W`N@pvCMuHWd^~n~z~f^x|~Nz~Fzxv|xv~^C~zMv~mH^~Wd
adjacency matrix:
[[0 1 0 0 0 1 0 0 1 0 1 1 0 1 1 1 1 1 1 1 1 1 1 1]
 [1 0 0 0 0 1 0 0 1 0 1 1 1 0 1 1 1 1 1 1 1 1 1 1]
 [0 0 0 1 1 0 1 1 0 1 0 0 1 1 0 1 1 1 1 1 1 1 1 1]
 [0 0 1 0 1 0 1 1 0 1 0 0 1 1 1 0 1 1 1 1 1 1 1 1]
 [0 0 1 1 0 0 1 1 0 1 0 0 1 1 1 1 0 1 1 1 1 1 1 1]
 [1 1 0 0 0 0 0 0 1 0 1 1 1 1 1 1 1 0 1 1 1 1 1 1]
 [0 0 1 1 1 0 0 1 0 1 0 0 1 1 1 1 1 1 0 1 1 1 1 1]
 [0 0 1 1 1 0 1 0 0 1 0 0 1 1 1 1 1 1 1 0 1 1 1 1]
 [1 1 0 0 0 1 0 0 0 0 1 1 1 1 1 1 1 1 1 1 0 1 1 1]
 [0 0 1 1 1 0 1 1 0 0 0 0 1 1 1 1 1 1 1 1 1 0 1 1]
 [1 1 0 0 0 1 0 0 1 0 0 1 1 1 1 1 1 1 1 1 1 1 0 1]
 [1 1 0 0 0 1 0 0 1 0 1 0 1 1 1 1 1 1 1 1 1 1 1 0]
 [0 1 1 1 1 1 1 1 1 1 1 1 0 1 0 0 0 1 0 0 1 0 1 1]
 [1 0 1 1 1 1 1 1 1 1 1 1 1 0 0 0 0 1 0 0 1 0 1 1]
 [1 1 0 1 1 1 1 1 1 1 1 1 0 0 0 1 1 0 1 1 0 1 0 0]
 [1 1 1 0 1 1 1 1 1 1 1 1 0 0 1 0 1 0 1 1 0 1 0 0]
 [1 1 1 1 0 1 1 1 1 1 1 1 0 0 1 1 0 0 1 1 0 1 0 0]
 [1 1 1 1 1 0 1 1 1 1 1 1 1 1 0 0 0 0 0 0 1 0 1 1]
 [1 1 1 1 1 1 0 1 1 1 1 1 0 0 1 1 1 0 0 1 0 1 0 0]
 [1 1 1 1 1 1 1 0 1 1 1 1 0 0 1 1 1 0 1 0 0 1 0 0]
 [1 1 1 1 1 1 1 1 0 1 1 1 1 1 0 0 0 1 0 0 0 0 1 1]
 [1 1 1 1 1 1 1 1 1 0 1 1 0 0 1 1 1 0 1 1 0 0 0 0]
 [1 1 1 1 1 1 1 1 1 1 0 1 1 1 0 0 0 1 0 0 1 0 0 1]
 [1 1 1 1 1 1 1 1 1 1 1 0 1 1 0 0 0 1 0 0 1 0 1 0]]
eigenvalues: [ 1.60000000e+01 -5.99999999e+00 -2.00000000e+00 -3.46518214e-09
 -2.00000000e+00 -3.33066907e-16 -2.00000000e+00 -3.46524626e-09
 -2.00000000e+00  3.46514517e-09  4.00000000e+00  6.00000000e+00
 -2.00000000e+00  1.15506538e-09 -2.00000000e+00 -1.15513799e-09
 -2.00000000e+00  1.96509475e-14 -2.00000000e+00  3.46521795e-09
 -2.00000000e+00 -3.46515949e-09 -2.00000000e+00 -6.52811138e-14]
eigenvectors:
[[ 1  1  1  1  1  1  1  1  1  1  1  1  1  1  1  1  1  1  1  1  1  1  1  1]
 [ 1  1  1  1  1  1  1  1  1  1  1  1 -1 -1 -1 -1 -1 -1 -1 -1 -1 -1 -1 -1]
 [ 1  1  1  1  1  1 -1 -1 -1 -1 -1 -1  1  1  1  1  1  1 -1 -1 -1 -1 -1 -1]
 [ 1  1 -1 -1 -1 -1  1  1  1  1 -1 -1  1  1  1  1 -1 -1  1  1 -1 -1 -1 -1]
 [ 1  1  1  1 -1 -1  1  1 -1 -1 -1 -1  1  1 -1 -1 -1 -1 -1 -1  1  1  1  1]
 [ 1  1  1  1 -1 -1 -1 -1 -1 -1  1  1 -1 -1  1  1 -1 -1  1  1  1  1 -1 -1]
 [ 1  1 -1 -1  1  1  1  1 -1 -1 -1 -1 -1 -1 -1 -1  1  1  1  1  1  1 -1 -1]
 [ 1  1  1  1 -1 -1 -1 -1  1  1 -1 -1 -1 -1 -1 -1  1  1  1  1 -1 -1  1  1]
 [ 1  1 -1 -1 -1 -1 -1 -1  1  1  1  1  1  1 -1 -1  1  1 -1 -1  1  1 -1 -1]
 [ 1  1 -1 -1  1  1 -1 -1  1  1 -1 -1 -1 -1  1  1 -1 -1 -1 -1  1  1  1  1]
 [ 1  1 -1 -1 -1 -1  1  1 -1 -1  1  1 -1 -1  1  1  1  1 -1 -1 -1 -1  1  1]
 [ 1  1 -1 -1  1  1 -1 -1 -1 -1  1  1  1  1 -1 -1 -1 -1  1  1 -1 -1  1  1]
 [ 1 -1  1 -1  1 -1  1 -1  1 -1  1 -1  1 -1  1 -1  1 -1  1 -1  1 -1  1 -1]
 [ 1 -1  1 -1  1 -1  1 -1  1 -1  1 -1 -1  1 -1  1 -1  1 -1  1 -1  1 -1  1]
 [ 1 -1  1 -1  1 -1 -1  1 -1  1 -1  1  1 -1  1 -1  1 -1 -1  1 -1  1 -1  1]
 [ 1 -1 -1  1 -1  1  1 -1  1 -1 -1  1  1 -1  1 -1 -1  1  1 -1 -1  1 -1  1]
 [ 1 -1  1 -1 -1  1  1 -1 -1  1 -1  1  1 -1 -1  1 -1  1 -1  1  1 -1  1 -1]
 [ 1 -1  1 -1 -1  1 -1  1 -1  1  1 -1 -1  1  1 -1 -1  1  1 -1  1 -1 -1  1]
 [ 1 -1 -1  1  1 -1  1 -1 -1  1 -1  1 -1  1 -1  1  1 -1  1 -1  1 -1 -1  1]
 [ 1 -1  1 -1 -1  1 -1  1  1 -1 -1  1 -1  1 -1  1  1 -1  1 -1 -1  1  1 -1]
 [ 1 -1 -1  1 -1  1 -1  1  1 -1  1 -1  1 -1 -1  1  1 -1 -1  1  1 -1 -1  1]
 [ 1 -1 -1  1  1 -1 -1  1  1 -1 -1  1 -1  1  1 -1 -1  1 -1  1  1 -1  1 -1]
 [ 1 -1 -1  1 -1  1  1 -1 -1  1  1 -1 -1  1  1 -1  1 -1 -1  1 -1  1  1 -1]
 [ 1 -1 -1  1  1 -1 -1  1 -1  1  1 -1  1 -1 -1  1 -1  1  1 -1 -1  1  1 -1]]
WXJXMvYu`JzPDpIMHF[MHWMIRF[iHKkMtgZYYIubP`JqwZP
adjacency matrix:
[[0 0 1 0 0 1 0 1 1 1 0 1 0 0 0 1 0 1 1 1 0 0 0 1]
 [0 0 1 0 0 1 0 1 1 1 0 1 0 0 1 0 1 0 0 0 1 1 1 0]
 [1 1 0 1 1 0 1 0 0 0 1 0 0 1 0 0 1 0 0 0 1 1 1 0]
 [0 0 1 0 0 1 0 1 1 1 0 1 1 0 0 0 0 1 1 1 0 0 0 1]
 [0 0 1 0 0 1 0 1 1 1 0 1 0 1 1 0 0 0 0 0 1 1 1 0]
 [1 1 0 1 1 0 1 0 0 0 1 0 1 0 0 1 0 0 1 1 0 0 0 1]
 [0 0 1 0 0 1 0 1 1 1 0 1 1 0 0 1 0 1 0 1 0 0 0 1]
 [1 1 0 1 1 0 1 0 0 0 1 0 1 0 0 1 0 1 1 0 0 0 0 1]
 [1 1 0 1 1 0 1 0 0 0 1 0 0 1 1 0 1 0 0 0 0 1 1 0]
 [1 1 0 1 1 0 1 0 0 0 1 0 0 1 1 0 1 0 0 0 1 0 1 0]
 [0 0 1 0 0 1 0 1 1 1 0 1 0 1 1 0 1 0 0 0 1 1 0 0]
 [1 1 0 1 1 0 1 0 0 0 1 0 1 0 0 1 0 1 1 1 0 0 0 0]
 [0 0 0 1 0 1 1 1 0 0 0 1 0 0 1 0 0 1 0 1 1 1 0 1]
 [0 0 1 0 1 0 0 0 1 1 1 0 0 0 1 0 0 1 0 1 1 1 0 1]
 [0 1 0 0 1 0 0 0 1 1 1 0 1 1 0 1 1 0 1 0 0 0 1 0]
 [1 0 0 0 0 1 1 1 0 0 0 1 0 0 1 0 0 1 0 1 1 1 0 1]
 [0 1 1 0 0 0 0 0 1 1 1 0 0 0 1 0 0 1 0 1 1 1 0 1]
 [1 0 0 1 0 0 1 1 0 0 0 1 1 1 0 1 1 0 1 0 0 0 1 0]
 [1 0 0 1 0 1 0 1 0 0 0 1 0 0 1 0 0 1 0 1 1 1 0 1]
 [1 0 0 1 0 1 1 0 0 0 0 1 1 1 0 1 1 0 1 0 0 0 1 0]
 [0 1 1 0 1 0 0 0 0 1 1 0 1 1 0 1 1 0 1 0 0 0 1 0]
 [0 1 1 0 1 0 0 0 1 0 1 0 1 1 0 1 1 0 1 0 0 0 1 0]
 [0 1 1 0 1 0 0 0 1 1 0 0 0 0 1 0 0 1 0 1 1 1 0 1]
 [1 0 0 1 0 1 1 1 0 0 0 0 1 1 0 1 1 0 1 0 0 0 1 0]]
eigenvalues: [10.99999999  1.         -1.          1.         -1.          1.
 -7.         -5.         -1.          1.         -1.          1.
 -1.          1.         -1.          1.         -1.          1.
  5.         -5.         -1.          1.         -1.          1.        ]
eigenvectors:
[[ 1  1  1  1  1  1  1  1  1  1  1  1  1  1  1  1  1  1  1  1  1  1  1  1]
 [ 1  1  1  1  1  1  1  1  1  1  1  1 -1 -1 -1 -1 -1 -1 -1 -1 -1 -1 -1 -1]
 [ 1  1  1  1  1  1 -1 -1 -1 -1 -1 -1  1  1  1  1  1  1 -1 -1 -1 -1 -1 -1]
 [ 1  1 -1 -1 -1 -1  1  1  1  1 -1 -1  1  1  1  1 -1 -1  1  1 -1 -1 -1 -1]
 [ 1  1  1  1 -1 -1  1  1 -1 -1 -1 -1  1  1 -1 -1 -1 -1 -1 -1  1  1  1  1]
 [ 1  1  1  1 -1 -1 -1 -1 -1 -1  1  1 -1 -1  1  1 -1 -1  1  1  1  1 -1 -1]
 [ 1  1 -1 -1  1  1  1  1 -1 -1 -1 -1 -1 -1 -1 -1  1  1  1  1  1  1 -1 -1]
 [ 1  1  1  1 -1 -1 -1 -1  1  1 -1 -1 -1 -1 -1 -1  1  1  1  1 -1 -1  1  1]
 [ 1  1 -1 -1 -1 -1 -1 -1  1  1  1  1  1  1 -1 -1  1  1 -1 -1  1  1 -1 -1]
 [ 1  1 -1 -1  1  1 -1 -1  1  1 -1 -1 -1 -1  1  1 -1 -1 -1 -1  1  1  1  1]
 [ 1  1 -1 -1 -1 -1  1  1 -1 -1  1  1 -1 -1  1  1  1  1 -1 -1 -1 -1  1  1]
 [ 1  1 -1 -1  1  1 -1 -1 -1 -1  1  1  1  1 -1 -1 -1 -1  1  1 -1 -1  1  1]
 [ 1 -1  1 -1  1 -1  1 -1  1 -1  1 -1  1 -1  1 -1  1 -1  1 -1  1 -1  1 -1]
 [ 1 -1  1 -1  1 -1  1 -1  1 -1  1 -1 -1  1 -1  1 -1  1 -1  1 -1  1 -1  1]
 [ 1 -1  1 -1  1 -1 -1  1 -1  1 -1  1  1 -1  1 -1  1 -1 -1  1 -1  1 -1  1]
 [ 1 -1 -1  1 -1  1  1 -1  1 -1 -1  1  1 -1  1 -1 -1  1  1 -1 -1  1 -1  1]
 [ 1 -1  1 -1 -1  1  1 -1 -1  1 -1  1  1 -1 -1  1 -1  1 -1  1  1 -1  1 -1]
 [ 1 -1  1 -1 -1  1 -1  1 -1  1  1 -1 -1  1  1 -1 -1  1  1 -1  1 -1 -1  1]
 [ 1 -1 -1  1  1 -1  1 -1 -1  1 -1  1 -1  1 -1  1  1 -1  1 -1  1 -1 -1  1]
 [ 1 -1  1 -1 -1  1 -1  1  1 -1 -1  1 -1  1 -1  1  1 -1  1 -1 -1  1  1 -1]
 [ 1 -1 -1  1 -1  1 -1  1  1 -1  1 -1  1 -1 -1  1  1 -1 -1  1  1 -1 -1  1]
 [ 1 -1 -1  1  1 -1 -1  1  1 -1 -1  1 -1  1  1 -1 -1  1 -1  1  1 -1  1 -1]
 [ 1 -1 -1  1 -1  1  1 -1 -1  1  1 -1 -1  1  1 -1  1 -1 -1  1 -1  1  1 -1]
 [ 1 -1 -1  1  1 -1 -1  1 -1  1  1 -1  1 -1 -1  1 -1  1  1 -1 -1  1  1 -1]]
WXJXMvYu`JzPCnCnAV~Y@CnGQ~^Y@Gd}vlBYzOufY@J|gZP
adjacency matrix:
[[0 0 1 0 0 1 0 1 1 1 0 1 0 0 0 1 0 0 1 0 1 1 1 1]
 [0 0 1 0 0 1 0 1 1 1 0 1 0 0 0 1 0 0 1 0 1 1 1 1]
 [1 1 0 1 1 0 1 0 0 0 1 0 0 0 0 1 0 0 1 0 1 1 1 1]
 [0 0 1 0 0 1 0 1 1 1 0 1 1 1 1 0 1 1 0 1 0 0 0 0]
 [0 0 1 0 0 1 0 1 1 1 0 1 0 0 0 1 0 0 1 0 1 1 1 1]
 [1 1 0 1 1 0 1 0 0 0 1 0 0 0 0 1 0 0 1 0 1 1 1 1]
 [0 0 1 0 0 1 0 1 1 1 0 1 1 1 1 0 1 1 0 1 0 0 0 0]
 [1 1 0 1 1 0 1 0 0 0 1 0 0 0 0 1 0 0 1 0 1 1 1 1]
 [1 1 0 1 1 0 1 0 0 0 1 0 1 1 1 0 1 1 0 1 0 0 0 0]
 [1 1 0 1 1 0 1 0 0 0 1 0 1 1 1 0 1 1 0 1 0 0 0 0]
 [0 0 1 0 0 1 0 1 1 1 0 1 1 1 1 0 1 1 0 1 0 0 0 0]
 [1 1 0 1 1 0 1 0 0 0 1 0 1 1 1 0 1 1 0 1 0 0 0 0]
 [0 0 0 1 0 0 1 0 1 1 1 1 0 0 1 0 0 1 0 1 1 1 0 1]
 [0 0 0 1 0 0 1 0 1 1 1 1 0 0 1 0 0 1 0 1 1 1 0 1]
 [0 0 0 1 0 0 1 0 1 1 1 1 1 1 0 1 1 0 1 0 0 0 1 0]
 [1 1 1 0 1 1 0 1 0 0 0 0 0 0 1 0 0 1 0 1 1 1 0 1]
 [0 0 0 1 0 0 1 0 1 1 1 1 0 0 1 0 0 1 0 1 1 1 0 1]
 [0 0 0 1 0 0 1 0 1 1 1 1 1 1 0 1 1 0 1 0 0 0 1 0]
 [1 1 1 0 1 1 0 1 0 0 0 0 0 0 1 0 0 1 0 1 1 1 0 1]
 [0 0 0 1 0 0 1 0 1 1 1 1 1 1 0 1 1 0 1 0 0 0 1 0]
 [1 1 1 0 1 1 0 1 0 0 0 0 1 1 0 1 1 0 1 0 0 0 1 0]
 [1 1 1 0 1 1 0 1 0 0 0 0 1 1 0 1 1 0 1 0 0 0 1 0]
 [1 1 1 0 1 1 0 1 0 0 0 0 0 0 1 0 0 1 0 1 1 1 0 1]
 [1 1 1 0 1 1 0 1 0 0 0 0 1 1 0 1 1 0 1 0 0 0 1 0]]
eigenvalues: [ 1.20000000e+01  4.04279024e-09 -6.00000000e+00  6.00000000e+00
 -2.89768209e-14  4.72955008e-14 -6.00000000e+00 -6.00000000e+00
 -2.88760282e-09  2.88777569e-09  1.15512566e-09 -1.15511550e-09
 -1.15508469e-09  1.15508902e-09  1.15503074e-09 -1.15504739e-09
 -6.26165786e-14 -1.66533454e-14 -2.88762264e-09  2.88764479e-09
  2.88760982e-09 -2.88781865e-09 -2.99760217e-14  1.73194792e-14]
eigenvectors:
[[ 1  1  1  1  1  1  1  1  1  1  1  1  1  1  1  1  1  1  1  1  1  1  1  1]
 [ 1  1  1  1  1  1  1  1  1  1  1  1 -1 -1 -1 -1 -1 -1 -1 -1 -1 -1 -1 -1]
 [ 1  1  1  1  1  1 -1 -1 -1 -1 -1 -1  1  1  1  1  1  1 -1 -1 -1 -1 -1 -1]
 [ 1  1 -1 -1 -1 -1  1  1  1  1 -1 -1  1  1  1  1 -1 -1  1  1 -1 -1 -1 -1]
 [ 1  1  1  1 -1 -1  1  1 -1 -1 -1 -1  1  1 -1 -1 -1 -1 -1 -1  1  1  1  1]
 [ 1  1  1  1 -1 -1 -1 -1 -1 -1  1  1 -1 -1  1  1 -1 -1  1  1  1  1 -1 -1]
 [ 1  1 -1 -1  1  1  1  1 -1 -1 -1 -1 -1 -1 -1 -1  1  1  1  1  1  1 -1 -1]
 [ 1  1  1  1 -1 -1 -1 -1  1  1 -1 -1 -1 -1 -1 -1  1  1  1  1 -1 -1  1  1]
 [ 1  1 -1 -1 -1 -1 -1 -1  1  1  1  1  1  1 -1 -1  1  1 -1 -1  1  1 -1 -1]
 [ 1  1 -1 -1  1  1 -1 -1  1  1 -1 -1 -1 -1  1  1 -1 -1 -1 -1  1  1  1  1]
 [ 1  1 -1 -1 -1 -1  1  1 -1 -1  1  1 -1 -1  1  1  1  1 -1 -1 -1 -1  1  1]
 [ 1  1 -1 -1  1  1 -1 -1 -1 -1  1  1  1  1 -1 -1 -1 -1  1  1 -1 -1  1  1]
 [ 1 -1  1 -1  1 -1  1 -1  1 -1  1 -1  1 -1  1 -1  1 -1  1 -1  1 -1  1 -1]
 [ 1 -1  1 -1  1 -1  1 -1  1 -1  1 -1 -1  1 -1  1 -1  1 -1  1 -1  1 -1  1]
 [ 1 -1  1 -1  1 -1 -1  1 -1  1 -1  1  1 -1  1 -1  1 -1 -1  1 -1  1 -1  1]
 [ 1 -1 -1  1 -1  1  1 -1  1 -1 -1  1  1 -1  1 -1 -1  1  1 -1 -1  1 -1  1]
 [ 1 -1  1 -1 -1  1  1 -1 -1  1 -1  1  1 -1 -1  1 -1  1 -1  1  1 -1  1 -1]
 [ 1 -1  1 -1 -1  1 -1  1 -1  1  1 -1 -1  1  1 -1 -1  1  1 -1  1 -1 -1  1]
 [ 1 -1 -1  1  1 -1  1 -1 -1  1 -1  1 -1  1 -1  1  1 -1  1 -1  1 -1 -1  1]
 [ 1 -1  1 -1 -1  1 -1  1  1 -1 -1  1 -1  1 -1  1  1 -1  1 -1 -1  1  1 -1]
 [ 1 -1 -1  1 -1  1 -1  1  1 -1  1 -1  1 -1 -1  1  1 -1 -1  1  1 -1 -1  1]
 [ 1 -1 -1  1  1 -1 -1  1  1 -1 -1  1 -1  1  1 -1 -1  1 -1  1  1 -1  1 -1]
 [ 1 -1 -1  1 -1  1  1 -1 -1  1  1 -1 -1  1  1 -1  1 -1 -1  1 -1  1  1 -1]
 [ 1 -1 -1  1  1 -1 -1  1 -1  1  1 -1  1 -1 -1  1 -1  1  1 -1 -1  1  1 -1]]
WXJXMvYu`JzPH\H\ZPXJhH\JYJXJhMsUvYJYuau`JhJzPZP
adjacency matrix:
[[0 0 1 0 0 1 0 1 1 1 0 1 0 0 1 0 0 1 0 1 1 1 0 1]
 [0 0 1 0 0 1 0 1 1 1 0 1 0 0 1 0 0 1 0 1 1 1 0 1]
 [1 1 0 1 1 0 1 0 0 0 1 0 1 1 0 1 1 0 1 0 0 0 1 0]
 [0 0 1 0 0 1 0 1 1 1 0 1 0 0 1 0 0 1 0 1 1 1 0 1]
 [0 0 1 0 0 1 0 1 1 1 0 1 0 0 1 0 0 1 0 1 1 1 0 1]
 [1 1 0 1 1 0 1 0 0 0 1 0 1 1 0 1 1 0 1 0 0 0 1 0]
 [0 0 1 0 0 1 0 1 1 1 0 1 0 0 1 0 0 1 0 1 1 1 0 1]
 [1 1 0 1 1 0 1 0 0 0 1 0 1 1 0 1 1 0 1 0 0 0 1 0]
 [1 1 0 1 1 0 1 0 0 0 1 0 1 1 0 1 1 0 1 0 0 0 1 0]
 [1 1 0 1 1 0 1 0 0 0 1 0 1 1 0 1 1 0 1 0 0 0 1 0]
 [0 0 1 0 0 1 0 1 1 1 0 1 0 0 1 0 0 1 0 1 1 1 0 1]
 [1 1 0 1 1 0 1 0 0 0 1 0 1 1 0 1 1 0 1 0 0 0 1 0]
 [0 0 1 0 0 1 0 1 1 1 0 1 0 0 1 0 0 1 0 1 1 1 0 1]
 [0 0 1 0 0 1 0 1 1 1 0 1 0 0 1 0 0 1 0 1 1 1 0 1]
 [1 1 0 1 1 0 1 0 0 0 1 0 1 1 0 1 1 0 1 0 0 0 1 0]
 [0 0 1 0 0 1 0 1 1 1 0 1 0 0 1 0 0 1 0 1 1 1 0 1]
 [0 0 1 0 0 1 0 1 1 1 0 1 0 0 1 0 0 1 0 1 1 1 0 1]
 [1 1 0 1 1 0 1 0 0 0 1 0 1 1 0 1 1 0 1 0 0 0 1 0]
 [0 0 1 0 0 1 0 1 1 1 0 1 0 0 1 0 0 1 0 1 1 1 0 1]
 [1 1 0 1 1 0 1 0 0 0 1 0 1 1 0 1 1 0 1 0 0 0 1 0]
 [1 1 0 1 1 0 1 0 0 0 1 0 1 1 0 1 1 0 1 0 0 0 1 0]
 [1 1 0 1 1 0 1 0 0 0 1 0 1 1 0 1 1 0 1 0 0 0 1 0]
 [0 0 1 0 0 1 0 1 1 1 0 1 0 0 1 0 0 1 0 1 1 1 0 1]
 [1 1 0 1 1 0 1 0 0 0 1 0 1 1 0 1 1 0 1 0 0 0 1 0]]
eigenvalues: [ 1.20000000e+01  4.04278777e-09  2.88766147e-09 -2.88776469e-09
  5.77488557e-10 -5.77491388e-10 -1.20000000e+01 -2.88763297e-09
 -2.88757285e-09  2.88781982e-09  5.77579984e-10 -5.77590642e-10
 -5.77552006e-10  5.77560666e-10  5.77533854e-10 -5.77497716e-10
  5.77428105e-10 -5.77582648e-10 -2.88760083e-09  2.88760266e-09
  2.88761498e-09 -2.88786928e-09 -5.77556669e-10  5.77572989e-10]
eigenvectors:
[[ 1  1  1  1  1  1  1  1  1  1  1  1  1  1  1  1  1  1  1  1  1  1  1  1]
 [ 1  1  1  1  1  1  1  1  1  1  1  1 -1 -1 -1 -1 -1 -1 -1 -1 -1 -1 -1 -1]
 [ 1  1  1  1  1  1 -1 -1 -1 -1 -1 -1  1  1  1  1  1  1 -1 -1 -1 -1 -1 -1]
 [ 1  1 -1 -1 -1 -1  1  1  1  1 -1 -1  1  1  1  1 -1 -1  1  1 -1 -1 -1 -1]
 [ 1  1  1  1 -1 -1  1  1 -1 -1 -1 -1  1  1 -1 -1 -1 -1 -1 -1  1  1  1  1]
 [ 1  1  1  1 -1 -1 -1 -1 -1 -1  1  1 -1 -1  1  1 -1 -1  1  1  1  1 -1 -1]
 [ 1  1 -1 -1  1  1  1  1 -1 -1 -1 -1 -1 -1 -1 -1  1  1  1  1  1  1 -1 -1]
 [ 1  1  1  1 -1 -1 -1 -1  1  1 -1 -1 -1 -1 -1 -1  1  1  1  1 -1 -1  1  1]
 [ 1  1 -1 -1 -1 -1 -1 -1  1  1  1  1  1  1 -1 -1  1  1 -1 -1  1  1 -1 -1]
 [ 1  1 -1 -1  1  1 -1 -1  1  1 -1 -1 -1 -1  1  1 -1 -1 -1 -1  1  1  1  1]
 [ 1  1 -1 -1 -1 -1  1  1 -1 -1  1  1 -1 -1  1  1  1  1 -1 -1 -1 -1  1  1]
 [ 1  1 -1 -1  1  1 -1 -1 -1 -1  1  1  1  1 -1 -1 -1 -1  1  1 -1 -1  1  1]
 [ 1 -1  1 -1  1 -1  1 -1  1 -1  1 -1  1 -1  1 -1  1 -1  1 -1  1 -1  1 -1]
 [ 1 -1  1 -1  1 -1  1 -1  1 -1  1 -1 -1  1 -1  1 -1  1 -1  1 -1  1 -1  1]
 [ 1 -1  1 -1  1 -1 -1  1 -1  1 -1  1  1 -1  1 -1  1 -1 -1  1 -1  1 -1  1]
 [ 1 -1 -1  1 -1  1  1 -1  1 -1 -1  1  1 -1  1 -1 -1  1  1 -1 -1  1 -1  1]
 [ 1 -1  1 -1 -1  1  1 -1 -1  1 -1  1  1 -1 -1  1 -1  1 -1  1  1 -1  1 -1]
 [ 1 -1  1 -1 -1  1 -1  1 -1  1  1 -1 -1  1  1 -1 -1  1  1 -1  1 -1 -1  1]
 [ 1 -1 -1  1  1 -1  1 -1 -1  1 -1  1 -1  1 -1  1  1 -1  1 -1  1 -1 -1  1]
 [ 1 -1  1 -1 -1  1 -1  1  1 -1 -1  1 -1  1 -1  1  1 -1  1 -1 -1  1  1 -1]
 [ 1 -1 -1  1 -1  1 -1  1  1 -1  1 -1  1 -1 -1  1  1 -1 -1  1  1 -1 -1  1]
 [ 1 -1 -1  1  1 -1 -1  1  1 -1 -1  1 -1  1  1 -1 -1  1 -1  1  1 -1  1 -1]
 [ 1 -1 -1  1 -1  1  1 -1 -1  1  1 -1 -1  1  1 -1  1 -1 -1  1 -1  1  1 -1]
 [ 1 -1 -1  1  1 -1 -1  1 -1  1  1 -1  1 -1 -1  1 -1  1  1 -1 -1  1  1 -1]]
WXJXMvYu`JzP^~n~Z~~^x|~Jz~^zxN|}v~^Y~zuf~hJ~~ZP
adjacency matrix:
[[0 0 1 0 0 1 0 1 1 1 0 1 0 1 1 1 1 1 1 1 1 1 1 1]
 [0 0 1 0 0 1 0 1 1 1 0 1 1 0 1 1 1 1 1 1 1 1 1 1]
 [1 1 0 1 1 0 1 0 0 0 1 0 1 1 0 1 1 1 1 1 1 1 1 1]
 [0 0 1 0 0 1 0 1 1 1 0 1 1 1 1 0 1 1 1 1 1 1 1 1]
 [0 0 1 0 0 1 0 1 1 1 0 1 1 1 1 1 0 1 1 1 1 1 1 1]
 [1 1 0 1 1 0 1 0 0 0 1 0 1 1 1 1 1 0 1 1 1 1 1 1]
 [0 0 1 0 0 1 0 1 1 1 0 1 1 1 1 1 1 1 0 1 1 1 1 1]
 [1 1 0 1 1 0 1 0 0 0 1 0 1 1 1 1 1 1 1 0 1 1 1 1]
 [1 1 0 1 1 0 1 0 0 0 1 0 1 1 1 1 1 1 1 1 0 1 1 1]
 [1 1 0 1 1 0 1 0 0 0 1 0 1 1 1 1 1 1 1 1 1 0 1 1]
 [0 0 1 0 0 1 0 1 1 1 0 1 1 1 1 1 1 1 1 1 1 1 0 1]
 [1 1 0 1 1 0 1 0 0 0 1 0 1 1 1 1 1 1 1 1 1 1 1 0]
 [0 1 1 1 1 1 1 1 1 1 1 1 0 0 1 0 0 1 0 1 1 1 0 1]
 [1 0 1 1 1 1 1 1 1 1 1 1 0 0 1 0 0 1 0 1 1 1 0 1]
 [1 1 0 1 1 1 1 1 1 1 1 1 1 1 0 1 1 0 1 0 0 0 1 0]
 [1 1 1 0 1 1 1 1 1 1 1 1 0 0 1 0 0 1 0 1 1 1 0 1]
 [1 1 1 1 0 1 1 1 1 1 1 1 0 0 1 0 0 1 0 1 1 1 0 1]
 [1 1 1 1 1 0 1 1 1 1 1 1 1 1 0 1 1 0 1 0 0 0 1 0]
 [1 1 1 1 1 1 0 1 1 1 1 1 0 0 1 0 0 1 0 1 1 1 0 1]
 [1 1 1 1 1 1 1 0 1 1 1 1 1 1 0 1 1 0 1 0 0 0 1 0]
 [1 1 1 1 1 1 1 1 0 1 1 1 1 1 0 1 1 0 1 0 0 0 1 0]
 [1 1 1 1 1 1 1 1 1 0 1 1 1 1 0 1 1 0 1 0 0 0 1 0]
 [1 1 1 1 1 1 1 1 1 1 0 1 0 0 1 0 0 1 0 1 1 1 0 1]
 [1 1 1 1 1 1 1 1 1 1 1 0 1 1 0 1 1 0 1 0 0 0 1 0]]
eigenvalues: [16.99999999 -4.99999999 -1.          1.         -1.          1.
 -7.         -5.         -1.          1.         -1.          1.
 -1.          1.         -1.          1.         -1.          1.
 -1.          1.         -1.          1.         -1.          1.        ]
eigenvectors:
[[ 1  1  1  1  1  1  1  1  1  1  1  1  1  1  1  1  1  1  1  1  1  1  1  1]
 [ 1  1  1  1  1  1  1  1  1  1  1  1 -1 -1 -1 -1 -1 -1 -1 -1 -1 -1 -1 -1]
 [ 1  1  1  1  1  1 -1 -1 -1 -1 -1 -1  1  1  1  1  1  1 -1 -1 -1 -1 -1 -1]
 [ 1  1 -1 -1 -1 -1  1  1  1  1 -1 -1  1  1  1  1 -1 -1  1  1 -1 -1 -1 -1]
 [ 1  1  1  1 -1 -1  1  1 -1 -1 -1 -1  1  1 -1 -1 -1 -1 -1 -1  1  1  1  1]
 [ 1  1  1  1 -1 -1 -1 -1 -1 -1  1  1 -1 -1  1  1 -1 -1  1  1  1  1 -1 -1]
 [ 1  1 -1 -1  1  1  1  1 -1 -1 -1 -1 -1 -1 -1 -1  1  1  1  1  1  1 -1 -1]
 [ 1  1  1  1 -1 -1 -1 -1  1  1 -1 -1 -1 -1 -1 -1  1  1  1  1 -1 -1  1  1]
 [ 1  1 -1 -1 -1 -1 -1 -1  1  1  1  1  1  1 -1 -1  1  1 -1 -1  1  1 -1 -1]
 [ 1  1 -1 -1  1  1 -1 -1  1  1 -1 -1 -1 -1  1  1 -1 -1 -1 -1  1  1  1  1]
 [ 1  1 -1 -1 -1 -1  1  1 -1 -1  1  1 -1 -1  1  1  1  1 -1 -1 -1 -1  1  1]
 [ 1  1 -1 -1  1  1 -1 -1 -1 -1  1  1  1  1 -1 -1 -1 -1  1  1 -1 -1  1  1]
 [ 1 -1  1 -1  1 -1  1 -1  1 -1  1 -1  1 -1  1 -1  1 -1  1 -1  1 -1  1 -1]
 [ 1 -1  1 -1  1 -1  1 -1  1 -1  1 -1 -1  1 -1  1 -1  1 -1  1 -1  1 -1  1]
 [ 1 -1  1 -1  1 -1 -1  1 -1  1 -1  1  1 -1  1 -1  1 -1 -1  1 -1  1 -1  1]
 [ 1 -1 -1  1 -1  1  1 -1  1 -1 -1  1  1 -1  1 -1 -1  1  1 -1 -1  1 -1  1]
 [ 1 -1  1 -1 -1  1  1 -1 -1  1 -1  1  1 -1 -1  1 -1  1 -1  1  1 -1  1 -1]
 [ 1 -1  1 -1 -1  1 -1  1 -1  1  1 -1 -1  1  1 -1 -1  1  1 -1  1 -1 -1  1]
 [ 1 -1 -1  1  1 -1  1 -1 -1  1 -1  1 -1  1 -1  1  1 -1  1 -1  1 -1 -1  1]
 [ 1 -1  1 -1 -1  1 -1  1  1 -1 -1  1 -1  1 -1  1  1 -1  1 -1 -1  1  1 -1]
 [ 1 -1 -1  1 -1  1 -1  1  1 -1  1 -1  1 -1 -1  1  1 -1 -1  1  1 -1 -1  1]
 [ 1 -1 -1  1  1 -1 -1  1  1 -1 -1  1 -1  1  1 -1 -1  1 -1  1  1 -1  1 -1]
 [ 1 -1 -1  1 -1  1  1 -1 -1  1  1 -1 -1  1  1 -1  1 -1 -1  1 -1  1  1 -1]
 [ 1 -1 -1  1  1 -1 -1  1 -1  1  1 -1  1 -1 -1  1 -1  1  1 -1 -1  1  1 -1]]
W~~~~~~~~~~~CnCnaV~YFCn{Q~~YFwd~~lB~zO~~YF~|g^~
adjacency matrix:
[[0 1 1 1 1 1 1 1 1 1 1 1 0 0 0 1 0 0 1 0 1 1 1 1]
 [1 0 1 1 1 1 1 1 1 1 1 1 0 0 0 1 0 0 1 0 1 1 1 1]
 [1 1 0 1 1 1 1 1 1 1 1 1 0 0 0 1 0 0 1 0 1 1 1 1]
 [1 1 1 0 1 1 1 1 1 1 1 1 1 1 1 0 1 1 0 1 0 0 0 0]
 [1 1 1 1 0 1 1 1 1 1 1 1 0 0 0 1 0 0 1 0 1 1 1 1]
 [1 1 1 1 1 0 1 1 1 1 1 1 0 0 0 1 0 0 1 0 1 1 1 1]
 [1 1 1 1 1 1 0 1 1 1 1 1 1 1 1 0 1 1 0 1 0 0 0 0]
 [1 1 1 1 1 1 1 0 1 1 1 1 0 0 0 1 0 0 1 0 1 1 1 1]
 [1 1 1 1 1 1 1 1 0 1 1 1 1 1 1 0 1 1 0 1 0 0 0 0]
 [1 1 1 1 1 1 1 1 1 0 1 1 1 1 1 0 1 1 0 1 0 0 0 0]
 [1 1 1 1 1 1 1 1 1 1 0 1 1 1 1 0 1 1 0 1 0 0 0 0]
 [1 1 1 1 1 1 1 1 1 1 1 0 1 1 1 0 1 1 0 1 0 0 0 0]
 [0 0 0 1 0 0 1 0 1 1 1 1 0 1 1 1 1 1 1 1 1 1 1 1]
 [0 0 0 1 0 0 1 0 1 1 1 1 1 0 1 1 1 1 1 1 1 1 1 1]
 [0 0 0 1 0 0 1 0 1 1 1 1 1 1 0 1 1 1 1 1 1 1 1 1]
 [1 1 1 0 1 1 0 1 0 0 0 0 1 1 1 0 1 1 1 1 1 1 1 1]
 [0 0 0 1 0 0 1 0 1 1 1 1 1 1 1 1 0 1 1 1 1 1 1 1]
 [0 0 0 1 0 0 1 0 1 1 1 1 1 1 1 1 1 0 1 1 1 1 1 1]
 [1 1 1 0 1 1 0 1 0 0 0 0 1 1 1 1 1 1 0 1 1 1 1 1]
 [0 0 0 1 0 0 1 0 1 1 1 1 1 1 1 1 1 1 1 0 1 1 1 1]
 [1 1 1 0 1 1 0 1 0 0 0 0 1 1 1 1 1 1 1 1 0 1 1 1]
 [1 1 1 0 1 1 0 1 0 0 0 0 1 1 1 1 1 1 1 1 1 0 1 1]
 [1 1 1 0 1 1 0 1 0 0 0 0 1 1 1 1 1 1 1 1 1 1 0 1]
 [1 1 1 0 1 1 0 1 0 0 0 0 1 1 1 1 1 1 1 1 1 1 1 0]]
eigenvalues: [16.99999999  5.         -7.          5.         -1.         -1.
 -1.         -1.         -1.         -1.         -1.         -1.
 -1.         -1.         -1.         -1.         -1.         -1.
 -1.         -1.         -1.         -1.         -1.         -1.        ]
eigenvectors:
[[ 1  1  1  1  1  1  1  1  1  1  1  1  1  1  1  1  1  1  1  1  1  1  1  1]
 [ 1  1  1  1  1  1  1  1  1  1  1  1 -1 -1 -1 -1 -1 -1 -1 -1 -1 -1 -1 -1]
 [ 1  1  1  1  1  1 -1 -1 -1 -1 -1 -1  1  1  1  1  1  1 -1 -1 -1 -1 -1 -1]
 [ 1  1 -1 -1 -1 -1  1  1  1  1 -1 -1  1  1  1  1 -1 -1  1  1 -1 -1 -1 -1]
 [ 1  1  1  1 -1 -1  1  1 -1 -1 -1 -1  1  1 -1 -1 -1 -1 -1 -1  1  1  1  1]
 [ 1  1  1  1 -1 -1 -1 -1 -1 -1  1  1 -1 -1  1  1 -1 -1  1  1  1  1 -1 -1]
 [ 1  1 -1 -1  1  1  1  1 -1 -1 -1 -1 -1 -1 -1 -1  1  1  1  1  1  1 -1 -1]
 [ 1  1  1  1 -1 -1 -1 -1  1  1 -1 -1 -1 -1 -1 -1  1  1  1  1 -1 -1  1  1]
 [ 1  1 -1 -1 -1 -1 -1 -1  1  1  1  1  1  1 -1 -1  1  1 -1 -1  1  1 -1 -1]
 [ 1  1 -1 -1  1  1 -1 -1  1  1 -1 -1 -1 -1  1  1 -1 -1 -1 -1  1  1  1  1]
 [ 1  1 -1 -1 -1 -1  1  1 -1 -1  1  1 -1 -1  1  1  1  1 -1 -1 -1 -1  1  1]
 [ 1  1 -1 -1  1  1 -1 -1 -1 -1  1  1  1  1 -1 -1 -1 -1  1  1 -1 -1  1  1]
 [ 1 -1  1 -1  1 -1  1 -1  1 -1  1 -1  1 -1  1 -1  1 -1  1 -1  1 -1  1 -1]
 [ 1 -1  1 -1  1 -1  1 -1  1 -1  1 -1 -1  1 -1  1 -1  1 -1  1 -1  1 -1  1]
 [ 1 -1  1 -1  1 -1 -1  1 -1  1 -1  1  1 -1  1 -1  1 -1 -1  1 -1  1 -1  1]
 [ 1 -1 -1  1 -1  1  1 -1  1 -1 -1  1  1 -1  1 -1 -1  1  1 -1 -1  1 -1  1]
 [ 1 -1  1 -1 -1  1  1 -1 -1  1 -1  1  1 -1 -1  1 -1  1 -1  1  1 -1  1 -1]
 [ 1 -1  1 -1 -1  1 -1  1 -1  1  1 -1 -1  1  1 -1 -1  1  1 -1  1 -1 -1  1]
 [ 1 -1 -1  1  1 -1  1 -1 -1  1 -1  1 -1  1 -1  1  1 -1  1 -1  1 -1 -1  1]
 [ 1 -1  1 -1 -1  1 -1  1  1 -1 -1  1 -1  1 -1  1  1 -1  1 -1 -1  1  1 -1]
 [ 1 -1 -1  1 -1  1 -1  1  1 -1  1 -1  1 -1 -1  1  1 -1 -1  1  1 -1 -1  1]
 [ 1 -1 -1  1  1 -1 -1  1  1 -1 -1  1 -1  1  1 -1 -1  1 -1  1  1 -1  1 -1]
 [ 1 -1 -1  1 -1  1  1 -1 -1  1  1 -1 -1  1  1 -1  1 -1 -1  1 -1  1  1 -1]
 [ 1 -1 -1  1  1 -1 -1  1 -1  1  1 -1  1 -1 -1  1 -1  1  1 -1 -1  1  1 -1]]
W~~~~~~~~~~~^~n~z~~^~|~~z~~z~~|~~~^~~z~~~n~~~^~
adjacency matrix:
[[0 1 1 1 1 1 1 1 1 1 1 1 0 1 1 1 1 1 1 1 1 1 1 1]
 [1 0 1 1 1 1 1 1 1 1 1 1 1 0 1 1 1 1 1 1 1 1 1 1]
 [1 1 0 1 1 1 1 1 1 1 1 1 1 1 0 1 1 1 1 1 1 1 1 1]
 [1 1 1 0 1 1 1 1 1 1 1 1 1 1 1 0 1 1 1 1 1 1 1 1]
 [1 1 1 1 0 1 1 1 1 1 1 1 1 1 1 1 0 1 1 1 1 1 1 1]
 [1 1 1 1 1 0 1 1 1 1 1 1 1 1 1 1 1 0 1 1 1 1 1 1]
 [1 1 1 1 1 1 0 1 1 1 1 1 1 1 1 1 1 1 0 1 1 1 1 1]
 [1 1 1 1 1 1 1 0 1 1 1 1 1 1 1 1 1 1 1 0 1 1 1 1]
 [1 1 1 1 1 1 1 1 0 1 1 1 1 1 1 1 1 1 1 1 0 1 1 1]
 [1 1 1 1 1 1 1 1 1 0 1 1 1 1 1 1 1 1 1 1 1 0 1 1]
 [1 1 1 1 1 1 1 1 1 1 0 1 1 1 1 1 1 1 1 1 1 1 0 1]
 [1 1 1 1 1 1 1 1 1 1 1 0 1 1 1 1 1 1 1 1 1 1 1 0]
 [0 1 1 1 1 1 1 1 1 1 1 1 0 1 1 1 1 1 1 1 1 1 1 1]
 [1 0 1 1 1 1 1 1 1 1 1 1 1 0 1 1 1 1 1 1 1 1 1 1]
 [1 1 0 1 1 1 1 1 1 1 1 1 1 1 0 1 1 1 1 1 1 1 1 1]
 [1 1 1 0 1 1 1 1 1 1 1 1 1 1 1 0 1 1 1 1 1 1 1 1]
 [1 1 1 1 0 1 1 1 1 1 1 1 1 1 1 1 0 1 1 1 1 1 1 1]
 [1 1 1 1 1 0 1 1 1 1 1 1 1 1 1 1 1 0 1 1 1 1 1 1]
 [1 1 1 1 1 1 0 1 1 1 1 1 1 1 1 1 1 1 0 1 1 1 1 1]
 [1 1 1 1 1 1 1 0 1 1 1 1 1 1 1 1 1 1 1 0 1 1 1 1]
 [1 1 1 1 1 1 1 1 0 1 1 1 1 1 1 1 1 1 1 1 0 1 1 1]
 [1 1 1 1 1 1 1 1 1 0 1 1 1 1 1 1 1 1 1 1 1 0 1 1]
 [1 1 1 1 1 1 1 1 1 1 0 1 1 1 1 1 1 1 1 1 1 1 0 1]
 [1 1 1 1 1 1 1 1 1 1 1 0 1 1 1 1 1 1 1 1 1 1 1 0]]
eigenvalues: [ 2.20000000e+01  4.62037208e-09 -2.00000000e+00 -3.46524522e-09
 -2.00000000e+00  2.53130850e-14 -2.00000000e+00 -3.46525519e-09
 -2.00000000e+00  3.46519580e-09 -2.00000000e+00 -1.15508686e-09
 -2.00000000e+00  1.15505638e-09 -2.00000000e+00 -1.15511850e-09
 -2.00000000e+00  9.32587341e-15 -2.00000000e+00  3.46519313e-09
 -2.00000000e+00 -3.46521478e-09 -2.00000000e+00 -3.63042929e-14]
eigenvectors:
[[ 1  1  1  1  1  1  1  1  1  1  1  1  1  1  1  1  1  1  1  1  1  1  1  1]
 [ 1  1  1  1  1  1  1  1  1  1  1  1 -1 -1 -1 -1 -1 -1 -1 -1 -1 -1 -1 -1]
 [ 1  1  1  1  1  1 -1 -1 -1 -1 -1 -1  1  1  1  1  1  1 -1 -1 -1 -1 -1 -1]
 [ 1  1 -1 -1 -1 -1  1  1  1  1 -1 -1  1  1  1  1 -1 -1  1  1 -1 -1 -1 -1]
 [ 1  1  1  1 -1 -1  1  1 -1 -1 -1 -1  1  1 -1 -1 -1 -1 -1 -1  1  1  1  1]
 [ 1  1  1  1 -1 -1 -1 -1 -1 -1  1  1 -1 -1  1  1 -1 -1  1  1  1  1 -1 -1]
 [ 1  1 -1 -1  1  1  1  1 -1 -1 -1 -1 -1 -1 -1 -1  1  1  1  1  1  1 -1 -1]
 [ 1  1  1  1 -1 -1 -1 -1  1  1 -1 -1 -1 -1 -1 -1  1  1  1  1 -1 -1  1  1]
 [ 1  1 -1 -1 -1 -1 -1 -1  1  1  1  1  1  1 -1 -1  1  1 -1 -1  1  1 -1 -1]
 [ 1  1 -1 -1  1  1 -1 -1  1  1 -1 -1 -1 -1  1  1 -1 -1 -1 -1  1  1  1  1]
 [ 1  1 -1 -1 -1 -1  1  1 -1 -1  1  1 -1 -1  1  1  1  1 -1 -1 -1 -1  1  1]
 [ 1  1 -1 -1  1  1 -1 -1 -1 -1  1  1  1  1 -1 -1 -1 -1  1  1 -1 -1  1  1]
 [ 1 -1  1 -1  1 -1  1 -1  1 -1  1 -1  1 -1  1 -1  1 -1  1 -1  1 -1  1 -1]
 [ 1 -1  1 -1  1 -1  1 -1  1 -1  1 -1 -1  1 -1  1 -1  1 -1  1 -1  1 -1  1]
 [ 1 -1  1 -1  1 -1 -1  1 -1  1 -1  1  1 -1  1 -1  1 -1 -1  1 -1  1 -1  1]
 [ 1 -1 -1  1 -1  1  1 -1  1 -1 -1  1  1 -1  1 -1 -1  1  1 -1 -1  1 -1  1]
 [ 1 -1  1 -1 -1  1  1 -1 -1  1 -1  1  1 -1 -1  1 -1  1 -1  1  1 -1  1 -1]
 [ 1 -1  1 -1 -1  1 -1  1 -1  1  1 -1 -1  1  1 -1 -1  1  1 -1  1 -1 -1  1]
 [ 1 -1 -1  1  1 -1  1 -1 -1  1 -1  1 -1  1 -1  1  1 -1  1 -1  1 -1 -1  1]
 [ 1 -1  1 -1 -1  1 -1  1  1 -1 -1  1 -1  1 -1  1  1 -1  1 -1 -1  1  1 -1]
 [ 1 -1 -1  1 -1  1 -1  1  1 -1  1 -1  1 -1 -1  1  1 -1 -1  1  1 -1 -1  1]
 [ 1 -1 -1  1  1 -1 -1  1  1 -1 -1  1 -1  1  1 -1 -1  1 -1  1  1 -1  1 -1]
 [ 1 -1 -1  1 -1  1  1 -1 -1  1  1 -1 -1  1  1 -1  1 -1 -1  1 -1  1  1 -1]
 [ 1 -1 -1  1  1 -1 -1  1 -1  1  1 -1  1 -1 -1  1 -1  1  1 -1 -1  1  1 -1]]
W???????????_?O?C??_?A??C??C??A???_??C???O???_?
adjacency matrix:
[[0 0 0 0 0 0 0 0 0 0 0 0 1 0 0 0 0 0 0 0 0 0 0 0]
 [0 0 0 0 0 0 0 0 0 0 0 0 0 1 0 0 0 0 0 0 0 0 0 0]
 [0 0 0 0 0 0 0 0 0 0 0 0 0 0 1 0 0 0 0 0 0 0 0 0]
 [0 0 0 0 0 0 0 0 0 0 0 0 0 0 0 1 0 0 0 0 0 0 0 0]
 [0 0 0 0 0 0 0 0 0 0 0 0 0 0 0 0 1 0 0 0 0 0 0 0]
 [0 0 0 0 0 0 0 0 0 0 0 0 0 0 0 0 0 1 0 0 0 0 0 0]
 [0 0 0 0 0 0 0 0 0 0 0 0 0 0 0 0 0 0 1 0 0 0 0 0]
 [0 0 0 0 0 0 0 0 0 0 0 0 0 0 0 0 0 0 0 1 0 0 0 0]
 [0 0 0 0 0 0 0 0 0 0 0 0 0 0 0 0 0 0 0 0 1 0 0 0]
 [0 0 0 0 0 0 0 0 0 0 0 0 0 0 0 0 0 0 0 0 0 1 0 0]
 [0 0 0 0 0 0 0 0 0 0 0 0 0 0 0 0 0 0 0 0 0 0 1 0]
 [0 0 0 0 0 0 0 0 0 0 0 0 0 0 0 0 0 0 0 0 0 0 0 1]
 [1 0 0 0 0 0 0 0 0 0 0 0 0 0 0 0 0 0 0 0 0 0 0 0]
 [0 1 0 0 0 0 0 0 0 0 0 0 0 0 0 0 0 0 0 0 0 0 0 0]
 [0 0 1 0 0 0 0 0 0 0 0 0 0 0 0 0 0 0 0 0 0 0 0 0]
 [0 0 0 1 0 0 0 0 0 0 0 0 0 0 0 0 0 0 0 0 0 0 0 0]
 [0 0 0 0 1 0 0 0 0 0 0 0 0 0 0 0 0 0 0 0 0 0 0 0]
 [0 0 0 0 0 1 0 0 0 0 0 0 0 0 0 0 0 0 0 0 0 0 0 0]
 [0 0 0 0 0 0 1 0 0 0 0 0 0 0 0 0 0 0 0 0 0 0 0 0]
 [0 0 0 0 0 0 0 1 0 0 0 0 0 0 0 0 0 0 0 0 0 0 0 0]
 [0 0 0 0 0 0 0 0 1 0 0 0 0 0 0 0 0 0 0 0 0 0 0 0]
 [0 0 0 0 0 0 0 0 0 1 0 0 0 0 0 0 0 0 0 0 0 0 0 0]
 [0 0 0 0 0 0 0 0 0 0 1 0 0 0 0 0 0 0 0 0 0 0 0 0]
 [0 0 0 0 0 0 0 0 0 0 0 1 0 0 0 0 0 0 0 0 0 0 0 0]]
eigenvalues: [ 1. -1.  1. -1.  1. -1.  1. -1.  1. -1.  1. -1.  1. -1.  1. -1.  1. -1.
  1. -1.  1. -1.  1. -1.]
eigenvectors:
[[ 1  1  1  1  1  1  1  1  1  1  1  1  1  1  1  1  1  1  1  1  1  1  1  1]
 [ 1  1  1  1  1  1  1  1  1  1  1  1 -1 -1 -1 -1 -1 -1 -1 -1 -1 -1 -1 -1]
 [ 1  1  1  1  1  1 -1 -1 -1 -1 -1 -1  1  1  1  1  1  1 -1 -1 -1 -1 -1 -1]
 [ 1  1 -1 -1 -1 -1  1  1  1  1 -1 -1  1  1  1  1 -1 -1  1  1 -1 -1 -1 -1]
 [ 1  1  1  1 -1 -1  1  1 -1 -1 -1 -1  1  1 -1 -1 -1 -1 -1 -1  1  1  1  1]
 [ 1  1  1  1 -1 -1 -1 -1 -1 -1  1  1 -1 -1  1  1 -1 -1  1  1  1  1 -1 -1]
 [ 1  1 -1 -1  1  1  1  1 -1 -1 -1 -1 -1 -1 -1 -1  1  1  1  1  1  1 -1 -1]
 [ 1  1  1  1 -1 -1 -1 -1  1  1 -1 -1 -1 -1 -1 -1  1  1  1  1 -1 -1  1  1]
 [ 1  1 -1 -1 -1 -1 -1 -1  1  1  1  1  1  1 -1 -1  1  1 -1 -1  1  1 -1 -1]
 [ 1  1 -1 -1  1  1 -1 -1  1  1 -1 -1 -1 -1  1  1 -1 -1 -1 -1  1  1  1  1]
 [ 1  1 -1 -1 -1 -1  1  1 -1 -1  1  1 -1 -1  1  1  1  1 -1 -1 -1 -1  1  1]
 [ 1  1 -1 -1  1  1 -1 -1 -1 -1  1  1  1  1 -1 -1 -1 -1  1  1 -1 -1  1  1]
 [ 1 -1  1 -1  1 -1  1 -1  1 -1  1 -1  1 -1  1 -1  1 -1  1 -1  1 -1  1 -1]
 [ 1 -1  1 -1  1 -1  1 -1  1 -1  1 -1 -1  1 -1  1 -1  1 -1  1 -1  1 -1  1]
 [ 1 -1  1 -1  1 -1 -1  1 -1  1 -1  1  1 -1  1 -1  1 -1 -1  1 -1  1 -1  1]
 [ 1 -1 -1  1 -1  1  1 -1  1 -1 -1  1  1 -1  1 -1 -1  1  1 -1 -1  1 -1  1]
 [ 1 -1  1 -1 -1  1  1 -1 -1  1 -1  1  1 -1 -1  1 -1  1 -1  1  1 -1  1 -1]
 [ 1 -1  1 -1 -1  1 -1  1 -1  1  1 -1 -1  1  1 -1 -1  1  1 -1  1 -1 -1  1]
 [ 1 -1 -1  1  1 -1  1 -1 -1  1 -1  1 -1  1 -1  1  1 -1  1 -1  1 -1 -1  1]
 [ 1 -1  1 -1 -1  1 -1  1  1 -1 -1  1 -1  1 -1  1  1 -1  1 -1 -1  1  1 -1]
 [ 1 -1 -1  1 -1  1 -1  1  1 -1  1 -1  1 -1 -1  1  1 -1 -1  1  1 -1 -1  1]
 [ 1 -1 -1  1  1 -1 -1  1  1 -1 -1  1 -1  1  1 -1 -1  1 -1  1  1 -1  1 -1]
 [ 1 -1 -1  1 -1  1  1 -1 -1  1  1 -1 -1  1  1 -1  1 -1 -1  1 -1  1  1 -1]
 [ 1 -1 -1  1  1 -1 -1  1 -1  1  1 -1  1 -1 -1  1 -1  1  1 -1 -1  1  1 -1]]
W???????????cnSnEVfy?En?U{F]??fwBl_?zS?FYO?\g_?
adjacency matrix:
[[0 0 0 0 0 0 0 0 0 0 0 0 1 0 0 1 0 0 1 0 1 1 1 1]
 [0 0 0 0 0 0 0 0 0 0 0 0 0 1 0 1 0 0 1 0 1 1 1 1]
 [0 0 0 0 0 0 0 0 0 0 0 0 0 0 1 1 0 0 1 0 1 1 1 1]
 [0 0 0 0 0 0 0 0 0 0 0 0 1 1 1 1 1 1 0 1 0 0 0 0]
 [0 0 0 0 0 0 0 0 0 0 0 0 0 0 0 1 1 0 1 0 1 1 1 1]
 [0 0 0 0 0 0 0 0 0 0 0 0 0 0 0 1 0 1 1 0 1 1 1 1]
 [0 0 0 0 0 0 0 0 0 0 0 0 1 1 1 0 1 1 1 1 0 0 0 0]
 [0 0 0 0 0 0 0 0 0 0 0 0 0 0 0 1 0 0 1 1 1 1 1 1]
 [0 0 0 0 0 0 0 0 0 0 0 0 1 1 1 0 1 1 0 1 1 0 0 0]
 [0 0 0 0 0 0 0 0 0 0 0 0 1 1 1 0 1 1 0 1 0 1 0 0]
 [0 0 0 0 0 0 0 0 0 0 0 0 1 1 1 0 1 1 0 1 0 0 1 0]
 [0 0 0 0 0 0 0 0 0 0 0 0 1 1 1 0 1 1 0 1 0 0 0 1]
 [1 0 0 1 0 0 1 0 1 1 1 1 0 0 0 0 0 0 0 0 0 0 0 0]
 [0 1 0 1 0 0 1 0 1 1 1 1 0 0 0 0 0 0 0 0 0 0 0 0]
 [0 0 1 1 0 0 1 0 1 1 1 1 0 0 0 0 0 0 0 0 0 0 0 0]
 [1 1 1 1 1 1 0 1 0 0 0 0 0 0 0 0 0 0 0 0 0 0 0 0]
 [0 0 0 1 1 0 1 0 1 1 1 1 0 0 0 0 0 0 0 0 0 0 0 0]
 [0 0 0 1 0 1 1 0 1 1 1 1 0 0 0 0 0 0 0 0 0 0 0 0]
 [1 1 1 0 1 1 1 1 0 0 0 0 0 0 0 0 0 0 0 0 0 0 0 0]
 [0 0 0 1 0 0 1 1 1 1 1 1 0 0 0 0 0 0 0 0 0 0 0 0]
 [1 1 1 0 1 1 0 1 1 0 0 0 0 0 0 0 0 0 0 0 0 0 0 0]
 [1 1 1 0 1 1 0 1 0 1 0 0 0 0 0 0 0 0 0 0 0 0 0 0]
 [1 1 1 0 1 1 0 1 0 0 1 0 0 0 0 0 0 0 0 0 0 0 0 0]
 [1 1 1 0 1 1 0 1 0 0 0 1 0 0 0 0 0 0 0 0 0 0 0 0]]
eigenvalues: [ 6.99999999 -6.99999999 -5.          5.          1.         -1.
  1.         -1.          1.         -1.          1.         -1.
  1.         -1.          1.         -1.          1.         -1.
  1.         -1.          1.         -1.          1.         -1.        ]
eigenvectors:
[[ 1  1  1  1  1  1  1  1  1  1  1  1  1  1  1  1  1  1  1  1  1  1  1  1]
 [ 1  1  1  1  1  1  1  1  1  1  1  1 -1 -1 -1 -1 -1 -1 -1 -1 -1 -1 -1 -1]
 [ 1  1  1  1  1  1 -1 -1 -1 -1 -1 -1  1  1  1  1  1  1 -1 -1 -1 -1 -1 -1]
 [ 1  1 -1 -1 -1 -1  1  1  1  1 -1 -1  1  1  1  1 -1 -1  1  1 -1 -1 -1 -1]
 [ 1  1  1  1 -1 -1  1  1 -1 -1 -1 -1  1  1 -1 -1 -1 -1 -1 -1  1  1  1  1]
 [ 1  1  1  1 -1 -1 -1 -1 -1 -1  1  1 -1 -1  1  1 -1 -1  1  1  1  1 -1 -1]
 [ 1  1 -1 -1  1  1  1  1 -1 -1 -1 -1 -1 -1 -1 -1  1  1  1  1  1  1 -1 -1]
 [ 1  1  1  1 -1 -1 -1 -1  1  1 -1 -1 -1 -1 -1 -1  1  1  1  1 -1 -1  1  1]
 [ 1  1 -1 -1 -1 -1 -1 -1  1  1  1  1  1  1 -1 -1  1  1 -1 -1  1  1 -1 -1]
 [ 1  1 -1 -1  1  1 -1 -1  1  1 -1 -1 -1 -1  1  1 -1 -1 -1 -1  1  1  1  1]
 [ 1  1 -1 -1 -1 -1  1  1 -1 -1  1  1 -1 -1  1  1  1  1 -1 -1 -1 -1  1  1]
 [ 1  1 -1 -1  1  1 -1 -1 -1 -1  1  1  1  1 -1 -1 -1 -1  1  1 -1 -1  1  1]
 [ 1 -1  1 -1  1 -1  1 -1  1 -1  1 -1  1 -1  1 -1  1 -1  1 -1  1 -1  1 -1]
 [ 1 -1  1 -1  1 -1  1 -1  1 -1  1 -1 -1  1 -1  1 -1  1 -1  1 -1  1 -1  1]
 [ 1 -1  1 -1  1 -1 -1  1 -1  1 -1  1  1 -1  1 -1  1 -1 -1  1 -1  1 -1  1]
 [ 1 -1 -1  1 -1  1  1 -1  1 -1 -1  1  1 -1  1 -1 -1  1  1 -1 -1  1 -1  1]
 [ 1 -1  1 -1 -1  1  1 -1 -1  1 -1  1  1 -1 -1  1 -1  1 -1  1  1 -1  1 -1]
 [ 1 -1  1 -1 -1  1 -1  1 -1  1  1 -1 -1  1  1 -1 -1  1  1 -1  1 -1 -1  1]
 [ 1 -1 -1  1  1 -1  1 -1 -1  1 -1  1 -1  1 -1  1  1 -1  1 -1  1 -1 -1  1]
 [ 1 -1  1 -1 -1  1 -1  1  1 -1 -1  1 -1  1 -1  1  1 -1  1 -1 -1  1  1 -1]
 [ 1 -1 -1  1 -1  1 -1  1  1 -1  1 -1  1 -1 -1  1  1 -1 -1  1  1 -1 -1  1]
 [ 1 -1 -1  1  1 -1 -1  1  1 -1 -1  1 -1  1  1 -1 -1  1 -1  1  1 -1  1 -1]
 [ 1 -1 -1  1 -1  1  1 -1 -1  1  1 -1 -1  1  1 -1  1 -1 -1  1 -1  1  1 -1]
 [ 1 -1 -1  1  1 -1 -1  1 -1  1  1 -1  1 -1 -1  1 -1  1  1 -1 -1  1  1 -1]]
W`N@pvCMuHWd_?O?c??_@A?KCB?C@oA@s?bC?CMo?UH??wd
adjacency matrix:
[[0 1 0 0 0 1 0 0 1 0 1 1 1 0 0 0 0 0 0 0 0 0 0 0]
 [1 0 0 0 0 1 0 0 1 0 1 1 0 1 0 0 0 0 0 0 0 0 0 0]
 [0 0 0 1 1 0 1 1 0 1 0 0 0 0 1 0 0 0 0 0 0 0 0 0]
 [0 0 1 0 1 0 1 1 0 1 0 0 0 0 0 1 0 0 0 0 0 0 0 0]
 [0 0 1 1 0 0 1 1 0 1 0 0 0 0 0 0 1 0 0 0 0 0 0 0]
 [1 1 0 0 0 0 0 0 1 0 1 1 0 0 0 0 0 1 0 0 0 0 0 0]
 [0 0 1 1 1 0 0 1 0 1 0 0 0 0 0 0 0 0 1 0 0 0 0 0]
 [0 0 1 1 1 0 1 0 0 1 0 0 0 0 0 0 0 0 0 1 0 0 0 0]
 [1 1 0 0 0 1 0 0 0 0 1 1 0 0 0 0 0 0 0 0 1 0 0 0]
 [0 0 1 1 1 0 1 1 0 0 0 0 0 0 0 0 0 0 0 0 0 1 0 0]
 [1 1 0 0 0 1 0 0 1 0 0 1 0 0 0 0 0 0 0 0 0 0 1 0]
 [1 1 0 0 0 1 0 0 1 0 1 0 0 0 0 0 0 0 0 0 0 0 0 1]
 [1 0 0 0 0 0 0 0 0 0 0 0 0 1 0 0 0 1 0 0 1 0 1 1]
 [0 1 0 0 0 0 0 0 0 0 0 0 1 0 0 0 0 1 0 0 1 0 1 1]
 [0 0 1 0 0 0 0 0 0 0 0 0 0 0 0 1 1 0 1 1 0 1 0 0]
 [0 0 0 1 0 0 0 0 0 0 0 0 0 0 1 0 1 0 1 1 0 1 0 0]
 [0 0 0 0 1 0 0 0 0 0 0 0 0 0 1 1 0 0 1 1 0 1 0 0]
 [0 0 0 0 0 1 0 0 0 0 0 0 1 1 0 0 0 0 0 0 1 0 1 1]
 [0 0 0 0 0 0 1 0 0 0 0 0 0 0 1 1 1 0 0 1 0 1 0 0]
 [0 0 0 0 0 0 0 1 0 0 0 0 0 0 1 1 1 0 1 0 0 1 0 0]
 [0 0 0 0 0 0 0 0 1 0 0 0 1 1 0 0 0 1 0 0 0 0 1 1]
 [0 0 0 0 0 0 0 0 0 1 0 0 0 0 1 1 1 0 1 1 0 0 0 0]
 [0 0 0 0 0 0 0 0 0 0 1 0 1 1 0 0 0 1 0 0 1 0 0 1]
 [0 0 0 0 0 0 0 0 0 0 0 1 1 1 0 0 0 1 0 0 1 0 1 0]]
eigenvalues: [ 6.00000000e+00  4.00000000e+00 -2.43138842e-14 -2.00000000e+00
  2.66453526e-15 -2.00000000e+00 -7.16093851e-15 -2.00000000e+00
 -1.28230759e-14 -2.00000000e+00  6.00000000e+00  4.00000000e+00
 -4.99600361e-15 -2.00000000e+00 -6.49480469e-15 -2.00000000e+00
  5.49560397e-15 -2.00000000e+00 -2.81441537e-14 -2.00000000e+00
  2.71449530e-14 -2.00000000e+00  1.39888101e-14 -2.00000000e+00]
eigenvectors:
[[ 1  1  1  1  1  1  1  1  1  1  1  1  1  1  1  1  1  1  1  1  1  1  1  1]
 [ 1  1  1  1  1  1  1  1  1  1  1  1 -1 -1 -1 -1 -1 -1 -1 -1 -1 -1 -1 -1]
 [ 1  1  1  1  1  1 -1 -1 -1 -1 -1 -1  1  1  1  1  1  1 -1 -1 -1 -1 -1 -1]
 [ 1  1 -1 -1 -1 -1  1  1  1  1 -1 -1  1  1  1  1 -1 -1  1  1 -1 -1 -1 -1]
 [ 1  1  1  1 -1 -1  1  1 -1 -1 -1 -1  1  1 -1 -1 -1 -1 -1 -1  1  1  1  1]
 [ 1  1  1  1 -1 -1 -1 -1 -1 -1  1  1 -1 -1  1  1 -1 -1  1  1  1  1 -1 -1]
 [ 1  1 -1 -1  1  1  1  1 -1 -1 -1 -1 -1 -1 -1 -1  1  1  1  1  1  1 -1 -1]
 [ 1  1  1  1 -1 -1 -1 -1  1  1 -1 -1 -1 -1 -1 -1  1  1  1  1 -1 -1  1  1]
 [ 1  1 -1 -1 -1 -1 -1 -1  1  1  1  1  1  1 -1 -1  1  1 -1 -1  1  1 -1 -1]
 [ 1  1 -1 -1  1  1 -1 -1  1  1 -1 -1 -1 -1  1  1 -1 -1 -1 -1  1  1  1  1]
 [ 1  1 -1 -1 -1 -1  1  1 -1 -1  1  1 -1 -1  1  1  1  1 -1 -1 -1 -1  1  1]
 [ 1  1 -1 -1  1  1 -1 -1 -1 -1  1  1  1  1 -1 -1 -1 -1  1  1 -1 -1  1  1]
 [ 1 -1  1 -1  1 -1  1 -1  1 -1  1 -1  1 -1  1 -1  1 -1  1 -1  1 -1  1 -1]
 [ 1 -1  1 -1  1 -1  1 -1  1 -1  1 -1 -1  1 -1  1 -1  1 -1  1 -1  1 -1  1]
 [ 1 -1  1 -1  1 -1 -1  1 -1  1 -1  1  1 -1  1 -1  1 -1 -1  1 -1  1 -1  1]
 [ 1 -1 -1  1 -1  1  1 -1  1 -1 -1  1  1 -1  1 -1 -1  1  1 -1 -1  1 -1  1]
 [ 1 -1  1 -1 -1  1  1 -1 -1  1 -1  1  1 -1 -1  1 -1  1 -1  1  1 -1  1 -1]
 [ 1 -1  1 -1 -1  1 -1  1 -1  1  1 -1 -1  1  1 -1 -1  1  1 -1  1 -1 -1  1]
 [ 1 -1 -1  1  1 -1  1 -1 -1  1 -1  1 -1  1 -1  1  1 -1  1 -1  1 -1 -1  1]
 [ 1 -1  1 -1 -1  1 -1  1  1 -1 -1  1 -1  1 -1  1  1 -1  1 -1 -1  1  1 -1]
 [ 1 -1 -1  1 -1  1 -1  1  1 -1  1 -1  1 -1 -1  1  1 -1 -1  1  1 -1 -1  1]
 [ 1 -1 -1  1  1 -1 -1  1  1 -1 -1  1 -1  1  1 -1 -1  1 -1  1  1 -1  1 -1]
 [ 1 -1 -1  1 -1  1  1 -1 -1  1  1 -1 -1  1  1 -1  1 -1 -1  1 -1  1  1 -1]
 [ 1 -1 -1  1  1 -1 -1  1 -1  1  1 -1  1 -1 -1  1 -1  1  1 -1 -1  1  1 -1]]
W`N@pvCMuHWdcnSneVfy@EnKU~F]@ofxvlbCzSMvYUH\gwd
adjacency matrix:
[[0 1 0 0 0 1 0 0 1 0 1 1 1 0 0 1 0 0 1 0 1 1 1 1]
 [1 0 0 0 0 1 0 0 1 0 1 1 0 1 0 1 0 0 1 0 1 1 1 1]
 [0 0 0 1 1 0 1 1 0 1 0 0 0 0 1 1 0 0 1 0 1 1 1 1]
 [0 0 1 0 1 0 1 1 0 1 0 0 1 1 1 1 1 1 0 1 0 0 0 0]
 [0 0 1 1 0 0 1 1 0 1 0 0 0 0 0 1 1 0 1 0 1 1 1 1]
 [1 1 0 0 0 0 0 0 1 0 1 1 0 0 0 1 0 1 1 0 1 1 1 1]
 [0 0 1 1 1 0 0 1 0 1 0 0 1 1 1 0 1 1 1 1 0 0 0 0]
 [0 0 1 1 1 0 1 0 0 1 0 0 0 0 0 1 0 0 1 1 1 1 1 1]
 [1 1 0 0 0 1 0 0 0 0 1 1 1 1 1 0 1 1 0 1 1 0 0 0]
 [0 0 1 1 1 0 1 1 0 0 0 0 1 1 1 0 1 1 0 1 0 1 0 0]
 [1 1 0 0 0 1 0 0 1 0 0 1 1 1 1 0 1 1 0 1 0 0 1 0]
 [1 1 0 0 0 1 0 0 1 0 1 0 1 1 1 0 1 1 0 1 0 0 0 1]
 [1 0 0 1 0 0 1 0 1 1 1 1 0 1 0 0 0 1 0 0 1 0 1 1]
 [0 1 0 1 0 0 1 0 1 1 1 1 1 0 0 0 0 1 0 0 1 0 1 1]
 [0 0 1 1 0 0 1 0 1 1 1 1 0 0 0 1 1 0 1 1 0 1 0 0]
 [1 1 1 1 1 1 0 1 0 0 0 0 0 0 1 0 1 0 1 1 0 1 0 0]
 [0 0 0 1 1 0 1 0 1 1 1 1 0 0 1 1 0 0 1 1 0 1 0 0]
 [0 0 0 1 0 1 1 0 1 1 1 1 1 1 0 0 0 0 0 0 1 0 1 1]
 [1 1 1 0 1 1 1 1 0 0 0 0 0 0 1 1 1 0 0 1 0 1 0 0]
 [0 0 0 1 0 0 1 1 1 1 1 1 0 0 1 1 1 0 1 0 0 1 0 0]
 [1 1 1 0 1 1 0 1 1 0 0 0 1 1 0 0 0 1 0 0 0 0 1 1]
 [1 1 1 0 1 1 0 1 0 1 0 0 0 0 1 1 1 0 1 1 0 0 0 0]
 [1 1 1 0 1 1 0 1 0 0 1 0 1 1 0 0 0 1 0 0 1 0 0 1]
 [1 1 1 0 1 1 0 1 0 0 0 1 1 1 0 0 0 1 0 0 1 0 1 0]]
eigenvalues: [ 1.20000000e+01 -2.00000000e+00 -6.00000000e+00  4.00000000e+00
 -9.99200722e-16 -2.00000000e+00  2.88772706e-09 -2.00000000e+00
 -2.88773822e-09 -2.00000000e+00  6.00000000e+00  4.00000000e+00
 -1.15509868e-09 -2.00000000e+00  1.15503740e-09 -2.00000000e+00
  1.99840144e-14 -2.00000000e+00 -2.88772622e-09 -2.00000000e+00
  2.88767110e-09 -2.00000000e+00  1.33226763e-14 -2.00000000e+00]
eigenvectors:
[[ 1  1  1  1  1  1  1  1  1  1  1  1  1  1  1  1  1  1  1  1  1  1  1  1]
 [ 1  1  1  1  1  1  1  1  1  1  1  1 -1 -1 -1 -1 -1 -1 -1 -1 -1 -1 -1 -1]
 [ 1  1  1  1  1  1 -1 -1 -1 -1 -1 -1  1  1  1  1  1  1 -1 -1 -1 -1 -1 -1]
 [ 1  1 -1 -1 -1 -1  1  1  1  1 -1 -1  1  1  1  1 -1 -1  1  1 -1 -1 -1 -1]
 [ 1  1  1  1 -1 -1  1  1 -1 -1 -1 -1  1  1 -1 -1 -1 -1 -1 -1  1  1  1  1]
 [ 1  1  1  1 -1 -1 -1 -1 -1 -1  1  1 -1 -1  1  1 -1 -1  1  1  1  1 -1 -1]
 [ 1  1 -1 -1  1  1  1  1 -1 -1 -1 -1 -1 -1 -1 -1  1  1  1  1  1  1 -1 -1]
 [ 1  1  1  1 -1 -1 -1 -1  1  1 -1 -1 -1 -1 -1 -1  1  1  1  1 -1 -1  1  1]
 [ 1  1 -1 -1 -1 -1 -1 -1  1  1  1  1  1  1 -1 -1  1  1 -1 -1  1  1 -1 -1]
 [ 1  1 -1 -1  1  1 -1 -1  1  1 -1 -1 -1 -1  1  1 -1 -1 -1 -1  1  1  1  1]
 [ 1  1 -1 -1 -1 -1  1  1 -1 -1  1  1 -1 -1  1  1  1  1 -1 -1 -1 -1  1  1]
 [ 1  1 -1 -1  1  1 -1 -1 -1 -1  1  1  1  1 -1 -1 -1 -1  1  1 -1 -1  1  1]
 [ 1 -1  1 -1  1 -1  1 -1  1 -1  1 -1  1 -1  1 -1  1 -1  1 -1  1 -1  1 -1]
 [ 1 -1  1 -1  1 -1  1 -1  1 -1  1 -1 -1  1 -1  1 -1  1 -1  1 -1  1 -1  1]
 [ 1 -1  1 -1  1 -1 -1  1 -1  1 -1  1  1 -1  1 -1  1 -1 -1  1 -1  1 -1  1]
 [ 1 -1 -1  1 -1  1  1 -1  1 -1 -1  1  1 -1  1 -1 -1  1  1 -1 -1  1 -1  1]
 [ 1 -1  1 -1 -1  1  1 -1 -1  1 -1  1  1 -1 -1  1 -1  1 -1  1  1 -1  1 -1]
 [ 1 -1  1 -1 -1  1 -1  1 -1  1  1 -1 -1  1  1 -1 -1  1  1 -1  1 -1 -1  1]
 [ 1 -1 -1  1  1 -1  1 -1 -1  1 -1  1 -1  1 -1  1  1 -1  1 -1  1 -1 -1  1]
 [ 1 -1  1 -1 -1  1 -1  1  1 -1 -1  1 -1  1 -1  1  1 -1  1 -1 -1  1  1 -1]
 [ 1 -1 -1  1 -1  1 -1  1  1 -1  1 -1  1 -1 -1  1  1 -1 -1  1  1 -1 -1  1]
 [ 1 -1 -1  1  1 -1 -1  1  1 -1 -1  1 -1  1  1 -1 -1  1 -1  1  1 -1  1 -1]
 [ 1 -1 -1  1 -1  1  1 -1 -1  1  1 -1 -1  1  1 -1  1 -1 -1  1 -1  1  1 -1]
 [ 1 -1 -1  1  1 -1 -1  1 -1  1  1 -1  1 -1 -1  1 -1  1  1 -1 -1  1  1 -1]]
W`N@pvCMuHWdms]s{dehXrJK~RELXuJXszrCpNMpuuHFYwd
adjacency matrix:
[[0 1 0 0 0 1 0 0 1 0 1 1 1 0 1 1 1 0 1 1 0 1 0 0]
 [1 0 0 0 0 1 0 0 1 0 1 1 0 1 1 1 1 0 1 1 0 1 0 0]
 [0 0 0 1 1 0 1 1 0 1 0 0 1 1 1 0 0 1 0 0 1 0 1 1]
 [0 0 1 0 1 0 1 1 0 1 0 0 1 1 0 1 0 1 0 0 1 0 1 1]
 [0 0 1 1 0 0 1 1 0 1 0 0 1 1 0 0 1 1 0 0 1 0 1 1]
 [1 1 0 0 0 0 0 0 1 0 1 1 0 0 1 1 1 1 1 1 0 1 0 0]
 [0 0 1 1 1 0 0 1 0 1 0 0 1 1 0 0 0 1 1 0 1 0 1 1]
 [0 0 1 1 1 0 1 0 0 1 0 0 1 1 0 0 0 1 0 1 1 0 1 1]
 [1 1 0 0 0 1 0 0 0 0 1 1 0 0 1 1 1 0 1 1 1 1 0 0]
 [0 0 1 1 1 0 1 1 0 0 0 0 1 1 0 0 0 1 0 0 1 1 1 1]
 [1 1 0 0 0 1 0 0 1 0 0 1 0 0 1 1 1 0 1 1 0 1 1 0]
 [1 1 0 0 0 1 0 0 1 0 1 0 0 0 1 1 1 0 1 1 0 1 0 1]
 [1 0 1 1 1 0 1 1 0 1 0 0 0 1 0 0 0 1 0 0 1 0 1 1]
 [0 1 1 1 1 0 1 1 0 1 0 0 1 0 0 0 0 1 0 0 1 0 1 1]
 [1 1 1 0 0 1 0 0 1 0 1 1 0 0 0 1 1 0 1 1 0 1 0 0]
 [1 1 0 1 0 1 0 0 1 0 1 1 0 0 1 0 1 0 1 1 0 1 0 0]
 [1 1 0 0 1 1 0 0 1 0 1 1 0 0 1 1 0 0 1 1 0 1 0 0]
 [0 0 1 1 1 1 1 1 0 1 0 0 1 1 0 0 0 0 0 0 1 0 1 1]
 [1 1 0 0 0 1 1 0 1 0 1 1 0 0 1 1 1 0 0 1 0 1 0 0]
 [1 1 0 0 0 1 0 1 1 0 1 1 0 0 1 1 1 0 1 0 0 1 0 0]
 [0 0 1 1 1 0 1 1 1 1 0 0 1 1 0 0 0 1 0 0 0 0 1 1]
 [1 1 0 0 0 1 0 0 1 1 1 1 0 0 1 1 1 0 1 1 0 0 0 0]
 [0 0 1 1 1 0 1 1 0 1 1 0 1 1 0 0 0 1 0 0 1 0 0 1]
 [0 0 1 1 1 0 1 1 0 1 0 1 1 1 0 0 0 1 0 0 1 0 1 0]]
eigenvalues: [ 1.20000000e+01 -2.00000000e+00  2.31013322e-09 -2.00000000e+00
 -1.15508653e-09 -2.00000000e+00  1.73259140e-09 -2.00000000e+00
 -2.31015041e-09 -2.00000000e+00  1.73261155e-09  1.00000000e+01
 -1.73264203e-09 -2.00000000e+00  1.73261039e-09 -2.00000000e+00
 -1.15510834e-09 -2.00000000e+00 -1.73262812e-09 -2.00000000e+00
  1.73260573e-09 -2.00000000e+00  1.73263537e-09 -2.00000000e+00]
eigenvectors:
[[ 1  1  1  1  1  1  1  1  1  1  1  1  1  1  1  1  1  1  1  1  1  1  1  1]
 [ 1  1  1  1  1  1  1  1  1  1  1  1 -1 -1 -1 -1 -1 -1 -1 -1 -1 -1 -1 -1]
 [ 1  1  1  1  1  1 -1 -1 -1 -1 -1 -1  1  1  1  1  1  1 -1 -1 -1 -1 -1 -1]
 [ 1  1 -1 -1 -1 -1  1  1  1  1 -1 -1  1  1  1  1 -1 -1  1  1 -1 -1 -1 -1]
 [ 1  1  1  1 -1 -1  1  1 -1 -1 -1 -1  1  1 -1 -1 -1 -1 -1 -1  1  1  1  1]
 [ 1  1  1  1 -1 -1 -1 -1 -1 -1  1  1 -1 -1  1  1 -1 -1  1  1  1  1 -1 -1]
 [ 1  1 -1 -1  1  1  1  1 -1 -1 -1 -1 -1 -1 -1 -1  1  1  1  1  1  1 -1 -1]
 [ 1  1  1  1 -1 -1 -1 -1  1  1 -1 -1 -1 -1 -1 -1  1  1  1  1 -1 -1  1  1]
 [ 1  1 -1 -1 -1 -1 -1 -1  1  1  1  1  1  1 -1 -1  1  1 -1 -1  1  1 -1 -1]
 [ 1  1 -1 -1  1  1 -1 -1  1  1 -1 -1 -1 -1  1  1 -1 -1 -1 -1  1  1  1  1]
 [ 1  1 -1 -1 -1 -1  1  1 -1 -1  1  1 -1 -1  1  1  1  1 -1 -1 -1 -1  1  1]
 [ 1  1 -1 -1  1  1 -1 -1 -1 -1  1  1  1  1 -1 -1 -1 -1  1  1 -1 -1  1  1]
 [ 1 -1  1 -1  1 -1  1 -1  1 -1  1 -1  1 -1  1 -1  1 -1  1 -1  1 -1  1 -1]
 [ 1 -1  1 -1  1 -1  1 -1  1 -1  1 -1 -1  1 -1  1 -1  1 -1  1 -1  1 -1  1]
 [ 1 -1  1 -1  1 -1 -1  1 -1  1 -1  1  1 -1  1 -1  1 -1 -1  1 -1  1 -1  1]
 [ 1 -1 -1  1 -1  1  1 -1  1 -1 -1  1  1 -1  1 -1 -1  1  1 -1 -1  1 -1  1]
 [ 1 -1  1 -1 -1  1  1 -1 -1  1 -1  1  1 -1 -1  1 -1  1 -1  1  1 -1  1 -1]
 [ 1 -1  1 -1 -1  1 -1  1 -1  1  1 -1 -1  1  1 -1 -1  1  1 -1  1 -1 -1  1]
 [ 1 -1 -1  1  1 -1  1 -1 -1  1 -1  1 -1  1 -1  1  1 -1  1 -1  1 -1 -1  1]
 [ 1 -1  1 -1 -1  1 -1  1  1 -1 -1  1 -1  1 -1  1  1 -1  1 -1 -1  1  1 -1]
 [ 1 -1 -1  1 -1  1 -1  1  1 -1  1 -1  1 -1 -1  1  1 -1 -1  1  1 -1 -1  1]
 [ 1 -1 -1  1  1 -1 -1  1  1 -1 -1  1 -1  1  1 -1 -1  1 -1  1  1 -1  1 -1]
 [ 1 -1 -1  1 -1  1  1 -1 -1  1  1 -1 -1  1  1 -1  1 -1 -1  1 -1  1  1 -1]
 [ 1 -1 -1  1  1 -1 -1  1 -1  1  1 -1  1 -1 -1  1 -1  1  1 -1 -1  1  1 -1]]
WXJXMvYu`JzPcnSnEV~y@EnGU~^]@Gf}vlbYzSufYPJ|gzP
adjacency matrix:
[[0 0 1 0 0 1 0 1 1 1 0 1 1 0 0 1 0 0 1 0 1 1 1 1]
 [0 0 1 0 0 1 0 1 1 1 0 1 0 1 0 1 0 0 1 0 1 1 1 1]
 [1 1 0 1 1 0 1 0 0 0 1 0 0 0 1 1 0 0 1 0 1 1 1 1]
 [0 0 1 0 0 1 0 1 1 1 0 1 1 1 1 1 1 1 0 1 0 0 0 0]
 [0 0 1 0 0 1 0 1 1 1 0 1 0 0 0 1 1 0 1 0 1 1 1 1]
 [1 1 0 1 1 0 1 0 0 0 1 0 0 0 0 1 0 1 1 0 1 1 1 1]
 [0 0 1 0 0 1 0 1 1 1 0 1 1 1 1 0 1 1 1 1 0 0 0 0]
 [1 1 0 1 1 0 1 0 0 0 1 0 0 0 0 1 0 0 1 1 1 1 1 1]
 [1 1 0 1 1 0 1 0 0 0 1 0 1 1 1 0 1 1 0 1 1 0 0 0]
 [1 1 0 1 1 0 1 0 0 0 1 0 1 1 1 0 1 1 0 1 0 1 0 0]
 [0 0 1 0 0 1 0 1 1 1 0 1 1 1 1 0 1 1 0 1 0 0 1 0]
 [1 1 0 1 1 0 1 0 0 0 1 0 1 1 1 0 1 1 0 1 0 0 0 1]
 [1 0 0 1 0 0 1 0 1 1 1 1 0 0 1 0 0 1 0 1 1 1 0 1]
 [0 1 0 1 0 0 1 0 1 1 1 1 0 0 1 0 0 1 0 1 1 1 0 1]
 [0 0 1 1 0 0 1 0 1 1 1 1 1 1 0 1 1 0 1 0 0 0 1 0]
 [1 1 1 1 1 1 0 1 0 0 0 0 0 0 1 0 0 1 0 1 1 1 0 1]
 [0 0 0 1 1 0 1 0 1 1 1 1 0 0 1 0 0 1 0 1 1 1 0 1]
 [0 0 0 1 0 1 1 0 1 1 1 1 1 1 0 1 1 0 1 0 0 0 1 0]
 [1 1 1 0 1 1 1 1 0 0 0 0 0 0 1 0 0 1 0 1 1 1 0 1]
 [0 0 0 1 0 0 1 1 1 1 1 1 1 1 0 1 1 0 1 0 0 0 1 0]
 [1 1 1 0 1 1 0 1 1 0 0 0 1 1 0 1 1 0 1 0 0 0 1 0]
 [1 1 1 0 1 1 0 1 0 1 0 0 1 1 0 1 1 0 1 0 0 0 1 0]
 [1 1 1 0 1 1 0 1 0 0 1 0 0 0 1 0 0 1 0 1 1 1 0 1]
 [1 1 1 0 1 1 0 1 0 0 0 1 1 1 0 1 1 0 1 0 0 0 1 0]]
eigenvalues: [12.99999999 -1.         -5.          5.          1.         -1.
 -5.         -7.          1.         -1.          1.         -1.
  1.         -1.          1.         -1.          1.         -1.
  1.         -1.          1.         -1.          1.         -1.        ]
eigenvectors:
[[ 1  1  1  1  1  1  1  1  1  1  1  1  1  1  1  1  1  1  1  1  1  1  1  1]
 [ 1  1  1  1  1  1  1  1  1  1  1  1 -1 -1 -1 -1 -1 -1 -1 -1 -1 -1 -1 -1]
 [ 1  1  1  1  1  1 -1 -1 -1 -1 -1 -1  1  1  1  1  1  1 -1 -1 -1 -1 -1 -1]
 [ 1  1 -1 -1 -1 -1  1  1  1  1 -1 -1  1  1  1  1 -1 -1  1  1 -1 -1 -1 -1]
 [ 1  1  1  1 -1 -1  1  1 -1 -1 -1 -1  1  1 -1 -1 -1 -1 -1 -1  1  1  1  1]
 [ 1  1  1  1 -1 -1 -1 -1 -1 -1  1  1 -1 -1  1  1 -1 -1  1  1  1  1 -1 -1]
 [ 1  1 -1 -1  1  1  1  1 -1 -1 -1 -1 -1 -1 -1 -1  1  1  1  1  1  1 -1 -1]
 [ 1  1  1  1 -1 -1 -1 -1  1  1 -1 -1 -1 -1 -1 -1  1  1  1  1 -1 -1  1  1]
 [ 1  1 -1 -1 -1 -1 -1 -1  1  1  1  1  1  1 -1 -1  1  1 -1 -1  1  1 -1 -1]
 [ 1  1 -1 -1  1  1 -1 -1  1  1 -1 -1 -1 -1  1  1 -1 -1 -1 -1  1  1  1  1]
 [ 1  1 -1 -1 -1 -1  1  1 -1 -1  1  1 -1 -1  1  1  1  1 -1 -1 -1 -1  1  1]
 [ 1  1 -1 -1  1  1 -1 -1 -1 -1  1  1  1  1 -1 -1 -1 -1  1  1 -1 -1  1  1]
 [ 1 -1  1 -1  1 -1  1 -1  1 -1  1 -1  1 -1  1 -1  1 -1  1 -1  1 -1  1 -1]
 [ 1 -1  1 -1  1 -1  1 -1  1 -1  1 -1 -1  1 -1  1 -1  1 -1  1 -1  1 -1  1]
 [ 1 -1  1 -1  1 -1 -1  1 -1  1 -1  1  1 -1  1 -1  1 -1 -1  1 -1  1 -1  1]
 [ 1 -1 -1  1 -1  1  1 -1  1 -1 -1  1  1 -1  1 -1 -1  1  1 -1 -1  1 -1  1]
 [ 1 -1  1 -1 -1  1  1 -1 -1  1 -1  1  1 -1 -1  1 -1  1 -1  1  1 -1  1 -1]
 [ 1 -1  1 -1 -1  1 -1  1 -1  1  1 -1 -1  1  1 -1 -1  1  1 -1  1 -1 -1  1]
 [ 1 -1 -1  1  1 -1  1 -1 -1  1 -1  1 -1  1 -1  1  1 -1  1 -1  1 -1 -1  1]
 [ 1 -1  1 -1 -1  1 -1  1  1 -1 -1  1 -1  1 -1  1  1 -1  1 -1 -1  1  1 -1]
 [ 1 -1 -1  1 -1  1 -1  1  1 -1  1 -1  1 -1 -1  1  1 -1 -1  1  1 -1 -1  1]
 [ 1 -1 -1  1  1 -1 -1  1  1 -1 -1  1 -1  1  1 -1 -1  1 -1  1  1 -1  1 -1]
 [ 1 -1 -1  1 -1  1  1 -1 -1  1  1 -1 -1  1  1 -1  1 -1 -1  1 -1  1  1 -1]
 [ 1 -1 -1  1  1 -1 -1  1 -1  1  1 -1  1 -1 -1  1 -1  1  1 -1 -1  1  1 -1]]
WXJXMvYu`JzPh\X\^PXjhJ\J]JXNhMuUvYjYueu`JxJzPzP
adjacency matrix:
[[0 0 1 0 0 1 0 1 1 1 0 1 1 0 1 0 0 1 0 1 1 1 0 1]
 [0 0 1 0 0 1 0 1 1 1 0 1 0 1 1 0 0 1 0 1 1 1 0 1]
 [1 1 0 1 1 0 1 0 0 0 1 0 1 1 1 1 1 0 1 0 0 0 1 0]
 [0 0 1 0 0 1 0 1 1 1 0 1 0 0 1 1 0 1 0 1 1 1 0 1]
 [0 0 1 0 0 1 0 1 1 1 0 1 0 0 1 0 1 1 0 1 1 1 0 1]
 [1 1 0 1 1 0 1 0 0 0 1 0 1 1 0 1 1 1 1 0 0 0 1 0]
 [0 0 1 0 0 1 0 1 1 1 0 1 0 0 1 0 0 1 1 1 1 1 0 1]
 [1 1 0 1 1 0 1 0 0 0 1 0 1 1 0 1 1 0 1 1 0 0 1 0]
 [1 1 0 1 1 0 1 0 0 0 1 0 1 1 0 1 1 0 1 0 1 0 1 0]
 [1 1 0 1 1 0 1 0 0 0 1 0 1 1 0 1 1 0 1 0 0 1 1 0]
 [0 0 1 0 0 1 0 1 1 1 0 1 0 0 1 0 0 1 0 1 1 1 1 1]
 [1 1 0 1 1 0 1 0 0 0 1 0 1 1 0 1 1 0 1 0 0 0 1 1]
 [1 0 1 0 0 1 0 1 1 1 0 1 0 0 1 0 0 1 0 1 1 1 0 1]
 [0 1 1 0 0 1 0 1 1 1 0 1 0 0 1 0 0 1 0 1 1 1 0 1]
 [1 1 1 1 1 0 1 0 0 0 1 0 1 1 0 1 1 0 1 0 0 0 1 0]
 [0 0 1 1 0 1 0 1 1 1 0 1 0 0 1 0 0 1 0 1 1 1 0 1]
 [0 0 1 0 1 1 0 1 1 1 0 1 0 0 1 0 0 1 0 1 1 1 0 1]
 [1 1 0 1 1 1 1 0 0 0 1 0 1 1 0 1 1 0 1 0 0 0 1 0]
 [0 0 1 0 0 1 1 1 1 1 0 1 0 0 1 0 0 1 0 1 1 1 0 1]
 [1 1 0 1 1 0 1 1 0 0 1 0 1 1 0 1 1 0 1 0 0 0 1 0]
 [1 1 0 1 1 0 1 0 1 0 1 0 1 1 0 1 1 0 1 0 0 0 1 0]
 [1 1 0 1 1 0 1 0 0 1 1 0 1 1 0 1 1 0 1 0 0 0 1 0]
 [0 0 1 0 0 1 0 1 1 1 1 1 0 0 1 0 0 1 0 1 1 1 0 1]
 [1 1 0 1 1 0 1 0 0 0 1 1 1 1 0 1 1 0 1 0 0 0 1 0]]
eigenvalues: [ 12.99999999  -1.           1.          -1.           1.
  -1.         -11.          -1.           1.          -1.
   1.          -1.           1.          -1.           1.
  -1.           1.          -1.           1.          -1.
   1.          -1.           1.          -1.        ]
eigenvectors:
[[ 1  1  1  1  1  1  1  1  1  1  1  1  1  1  1  1  1  1  1  1  1  1  1  1]
 [ 1  1  1  1  1  1  1  1  1  1  1  1 -1 -1 -1 -1 -1 -1 -1 -1 -1 -1 -1 -1]
 [ 1  1  1  1  1  1 -1 -1 -1 -1 -1 -1  1  1  1  1  1  1 -1 -1 -1 -1 -1 -1]
 [ 1  1 -1 -1 -1 -1  1  1  1  1 -1 -1  1  1  1  1 -1 -1  1  1 -1 -1 -1 -1]
 [ 1  1  1  1 -1 -1  1  1 -1 -1 -1 -1  1  1 -1 -1 -1 -1 -1 -1  1  1  1  1]
 [ 1  1  1  1 -1 -1 -1 -1 -1 -1  1  1 -1 -1  1  1 -1 -1  1  1  1  1 -1 -1]
 [ 1  1 -1 -1  1  1  1  1 -1 -1 -1 -1 -1 -1 -1 -1  1  1  1  1  1  1 -1 -1]
 [ 1  1  1  1 -1 -1 -1 -1  1  1 -1 -1 -1 -1 -1 -1  1  1  1  1 -1 -1  1  1]
 [ 1  1 -1 -1 -1 -1 -1 -1  1  1  1  1  1  1 -1 -1  1  1 -1 -1  1  1 -1 -1]
 [ 1  1 -1 -1  1  1 -1 -1  1  1 -1 -1 -1 -1  1  1 -1 -1 -1 -1  1  1  1  1]
 [ 1  1 -1 -1 -1 -1  1  1 -1 -1  1  1 -1 -1  1  1  1  1 -1 -1 -1 -1  1  1]
 [ 1  1 -1 -1  1  1 -1 -1 -1 -1  1  1  1  1 -1 -1 -1 -1  1  1 -1 -1  1  1]
 [ 1 -1  1 -1  1 -1  1 -1  1 -1  1 -1  1 -1  1 -1  1 -1  1 -1  1 -1  1 -1]
 [ 1 -1  1 -1  1 -1  1 -1  1 -1  1 -1 -1  1 -1  1 -1  1 -1  1 -1  1 -1  1]
 [ 1 -1  1 -1  1 -1 -1  1 -1  1 -1  1  1 -1  1 -1  1 -1 -1  1 -1  1 -1  1]
 [ 1 -1 -1  1 -1  1  1 -1  1 -1 -1  1  1 -1  1 -1 -1  1  1 -1 -1  1 -1  1]
 [ 1 -1  1 -1 -1  1  1 -1 -1  1 -1  1  1 -1 -1  1 -1  1 -1  1  1 -1  1 -1]
 [ 1 -1  1 -1 -1  1 -1  1 -1  1  1 -1 -1  1  1 -1 -1  1  1 -1  1 -1 -1  1]
 [ 1 -1 -1  1  1 -1  1 -1 -1  1 -1  1 -1  1 -1  1  1 -1  1 -1  1 -1 -1  1]
 [ 1 -1  1 -1 -1  1 -1  1  1 -1 -1  1 -1  1 -1  1  1 -1  1 -1 -1  1  1 -1]
 [ 1 -1 -1  1 -1  1 -1  1  1 -1  1 -1  1 -1 -1  1  1 -1 -1  1  1 -1 -1  1]
 [ 1 -1 -1  1  1 -1 -1  1  1 -1 -1  1 -1  1  1 -1 -1  1 -1  1  1 -1  1 -1]
 [ 1 -1 -1  1 -1  1  1 -1 -1  1  1 -1 -1  1  1 -1  1 -1 -1  1 -1  1  1 -1]
 [ 1 -1 -1  1  1 -1 -1  1 -1  1  1 -1  1 -1 -1  1 -1  1  1 -1 -1  1  1 -1]]
WXJXMvYu`JzP~~~~^~~~x~~J~~^~xN~}v~~Y~~uf~xJ~~zP
adjacency matrix:
[[0 0 1 0 0 1 0 1 1 1 0 1 1 1 1 1 1 1 1 1 1 1 1 1]
 [0 0 1 0 0 1 0 1 1 1 0 1 1 1 1 1 1 1 1 1 1 1 1 1]
 [1 1 0 1 1 0 1 0 0 0 1 0 1 1 1 1 1 1 1 1 1 1 1 1]
 [0 0 1 0 0 1 0 1 1 1 0 1 1 1 1 1 1 1 1 1 1 1 1 1]
 [0 0 1 0 0 1 0 1 1 1 0 1 1 1 1 1 1 1 1 1 1 1 1 1]
 [1 1 0 1 1 0 1 0 0 0 1 0 1 1 1 1 1 1 1 1 1 1 1 1]
 [0 0 1 0 0 1 0 1 1 1 0 1 1 1 1 1 1 1 1 1 1 1 1 1]
 [1 1 0 1 1 0 1 0 0 0 1 0 1 1 1 1 1 1 1 1 1 1 1 1]
 [1 1 0 1 1 0 1 0 0 0 1 0 1 1 1 1 1 1 1 1 1 1 1 1]
 [1 1 0 1 1 0 1 0 0 0 1 0 1 1 1 1 1 1 1 1 1 1 1 1]
 [0 0 1 0 0 1 0 1 1 1 0 1 1 1 1 1 1 1 1 1 1 1 1 1]
 [1 1 0 1 1 0 1 0 0 0 1 0 1 1 1 1 1 1 1 1 1 1 1 1]
 [1 1 1 1 1 1 1 1 1 1 1 1 0 0 1 0 0 1 0 1 1 1 0 1]
 [1 1 1 1 1 1 1 1 1 1 1 1 0 0 1 0 0 1 0 1 1 1 0 1]
 [1 1 1 1 1 1 1 1 1 1 1 1 1 1 0 1 1 0 1 0 0 0 1 0]
 [1 1 1 1 1 1 1 1 1 1 1 1 0 0 1 0 0 1 0 1 1 1 0 1]
 [1 1 1 1 1 1 1 1 1 1 1 1 0 0 1 0 0 1 0 1 1 1 0 1]
 [1 1 1 1 1 1 1 1 1 1 1 1 1 1 0 1 1 0 1 0 0 0 1 0]
 [1 1 1 1 1 1 1 1 1 1 1 1 0 0 1 0 0 1 0 1 1 1 0 1]
 [1 1 1 1 1 1 1 1 1 1 1 1 1 1 0 1 1 0 1 0 0 0 1 0]
 [1 1 1 1 1 1 1 1 1 1 1 1 1 1 0 1 1 0 1 0 0 0 1 0]
 [1 1 1 1 1 1 1 1 1 1 1 1 1 1 0 1 1 0 1 0 0 0 1 0]
 [1 1 1 1 1 1 1 1 1 1 1 1 0 0 1 0 0 1 0 1 1 1 0 1]
 [1 1 1 1 1 1 1 1 1 1 1 1 1 1 0 1 1 0 1 0 0 0 1 0]]
eigenvalues: [ 1.80000000e+01 -5.99999999e+00  3.46520739e-09 -3.46531470e-09
 -6.11771040e-14  5.22915045e-14 -6.00000000e+00 -6.00000000e+00
 -3.46512685e-09  3.46532103e-09  1.15512473e-09 -1.15511933e-09
 -1.15509902e-09  1.15507504e-09  1.15507937e-09 -1.15505505e-09
 -1.09245946e-13 -2.43138842e-14 -3.46514883e-09  3.46515333e-09
  3.46516282e-09 -3.46536067e-09 -2.36477504e-14  3.33066907e-15]
eigenvectors:
[[ 1  1  1  1  1  1  1  1  1  1  1  1  1  1  1  1  1  1  1  1  1  1  1  1]
 [ 1  1  1  1  1  1  1  1  1  1  1  1 -1 -1 -1 -1 -1 -1 -1 -1 -1 -1 -1 -1]
 [ 1  1  1  1  1  1 -1 -1 -1 -1 -1 -1  1  1  1  1  1  1 -1 -1 -1 -1 -1 -1]
 [ 1  1 -1 -1 -1 -1  1  1  1  1 -1 -1  1  1  1  1 -1 -1  1  1 -1 -1 -1 -1]
 [ 1  1  1  1 -1 -1  1  1 -1 -1 -1 -1  1  1 -1 -1 -1 -1 -1 -1  1  1  1  1]
 [ 1  1  1  1 -1 -1 -1 -1 -1 -1  1  1 -1 -1  1  1 -1 -1  1  1  1  1 -1 -1]
 [ 1  1 -1 -1  1  1  1  1 -1 -1 -1 -1 -1 -1 -1 -1  1  1  1  1  1  1 -1 -1]
 [ 1  1  1  1 -1 -1 -1 -1  1  1 -1 -1 -1 -1 -1 -1  1  1  1  1 -1 -1  1  1]
 [ 1  1 -1 -1 -1 -1 -1 -1  1  1  1  1  1  1 -1 -1  1  1 -1 -1  1  1 -1 -1]
 [ 1  1 -1 -1  1  1 -1 -1  1  1 -1 -1 -1 -1  1  1 -1 -1 -1 -1  1  1  1  1]
 [ 1  1 -1 -1 -1 -1  1  1 -1 -1  1  1 -1 -1  1  1  1  1 -1 -1 -1 -1  1  1]
 [ 1  1 -1 -1  1  1 -1 -1 -1 -1  1  1  1  1 -1 -1 -1 -1  1  1 -1 -1  1  1]
 [ 1 -1  1 -1  1 -1  1 -1  1 -1  1 -1  1 -1  1 -1  1 -1  1 -1  1 -1  1 -1]
 [ 1 -1  1 -1  1 -1  1 -1  1 -1  1 -1 -1  1 -1  1 -1  1 -1  1 -1  1 -1  1]
 [ 1 -1  1 -1  1 -1 -1  1 -1  1 -1  1  1 -1  1 -1  1 -1 -1  1 -1  1 -1  1]
 [ 1 -1 -1  1 -1  1  1 -1  1 -1 -1  1  1 -1  1 -1 -1  1  1 -1 -1  1 -1  1]
 [ 1 -1  1 -1 -1  1  1 -1 -1  1 -1  1  1 -1 -1  1 -1  1 -1  1  1 -1  1 -1]
 [ 1 -1  1 -1 -1  1 -1  1 -1  1  1 -1 -1  1  1 -1 -1  1  1 -1  1 -1 -1  1]
 [ 1 -1 -1  1  1 -1  1 -1 -1  1 -1  1 -1  1 -1  1  1 -1  1 -1  1 -1 -1  1]
 [ 1 -1  1 -1 -1  1 -1  1  1 -1 -1  1 -1  1 -1  1  1 -1  1 -1 -1  1  1 -1]
 [ 1 -1 -1  1 -1  1 -1  1  1 -1  1 -1  1 -1 -1  1  1 -1 -1  1  1 -1 -1  1]
 [ 1 -1 -1  1  1 -1 -1  1  1 -1 -1  1 -1  1  1 -1 -1  1 -1  1  1 -1  1 -1]
 [ 1 -1 -1  1 -1  1  1 -1 -1  1  1 -1 -1  1  1 -1  1 -1 -1  1 -1  1  1 -1]
 [ 1 -1 -1  1  1 -1 -1  1 -1  1  1 -1  1 -1 -1  1 -1  1  1 -1 -1  1  1 -1]]
W~~~~~~~~~~~cnSneV~yFEn{U~~]Fwf~~lb~zS~~YV~|g~~
adjacency matrix:
[[0 1 1 1 1 1 1 1 1 1 1 1 1 0 0 1 0 0 1 0 1 1 1 1]
 [1 0 1 1 1 1 1 1 1 1 1 1 0 1 0 1 0 0 1 0 1 1 1 1]
 [1 1 0 1 1 1 1 1 1 1 1 1 0 0 1 1 0 0 1 0 1 1 1 1]
 [1 1 1 0 1 1 1 1 1 1 1 1 1 1 1 1 1 1 0 1 0 0 0 0]
 [1 1 1 1 0 1 1 1 1 1 1 1 0 0 0 1 1 0 1 0 1 1 1 1]
 [1 1 1 1 1 0 1 1 1 1 1 1 0 0 0 1 0 1 1 0 1 1 1 1]
 [1 1 1 1 1 1 0 1 1 1 1 1 1 1 1 0 1 1 1 1 0 0 0 0]
 [1 1 1 1 1 1 1 0 1 1 1 1 0 0 0 1 0 0 1 1 1 1 1 1]
 [1 1 1 1 1 1 1 1 0 1 1 1 1 1 1 0 1 1 0 1 1 0 0 0]
 [1 1 1 1 1 1 1 1 1 0 1 1 1 1 1 0 1 1 0 1 0 1 0 0]
 [1 1 1 1 1 1 1 1 1 1 0 1 1 1 1 0 1 1 0 1 0 0 1 0]
 [1 1 1 1 1 1 1 1 1 1 1 0 1 1 1 0 1 1 0 1 0 0 0 1]
 [1 0 0 1 0 0 1 0 1 1 1 1 0 1 1 1 1 1 1 1 1 1 1 1]
 [0 1 0 1 0 0 1 0 1 1 1 1 1 0 1 1 1 1 1 1 1 1 1 1]
 [0 0 1 1 0 0 1 0 1 1 1 1 1 1 0 1 1 1 1 1 1 1 1 1]
 [1 1 1 1 1 1 0 1 0 0 0 0 1 1 1 0 1 1 1 1 1 1 1 1]
 [0 0 0 1 1 0 1 0 1 1 1 1 1 1 1 1 0 1 1 1 1 1 1 1]
 [0 0 0 1 0 1 1 0 1 1 1 1 1 1 1 1 1 0 1 1 1 1 1 1]
 [1 1 1 0 1 1 1 1 0 0 0 0 1 1 1 1 1 1 0 1 1 1 1 1]
 [0 0 0 1 0 0 1 1 1 1 1 1 1 1 1 1 1 1 1 0 1 1 1 1]
 [1 1 1 0 1 1 0 1 1 0 0 0 1 1 1 1 1 1 1 1 0 1 1 1]
 [1 1 1 0 1 1 0 1 0 1 0 0 1 1 1 1 1 1 1 1 1 0 1 1]
 [1 1 1 0 1 1 0 1 0 0 1 0 1 1 1 1 1 1 1 1 1 1 0 1]
 [1 1 1 0 1 1 0 1 0 0 0 1 1 1 1 1 1 1 1 1 1 1 1 0]]
eigenvalues: [ 1.80000000e+01  4.00000000e+00 -6.00000000e+00  4.00000000e+00
 -2.16493490e-14 -2.00000000e+00  2.88769660e-09 -2.00000000e+00
 -2.88768928e-09 -2.00000000e+00  1.15509768e-09 -2.00000000e+00
 -1.15509002e-09 -2.00000000e+00  1.15506871e-09 -2.00000000e+00
  2.66453526e-15 -2.00000000e+00 -2.88768809e-09 -2.00000000e+00
  2.88767721e-09 -2.00000000e+00  1.13242749e-14 -2.00000000e+00]
eigenvectors:
[[ 1  1  1  1  1  1  1  1  1  1  1  1  1  1  1  1  1  1  1  1  1  1  1  1]
 [ 1  1  1  1  1  1  1  1  1  1  1  1 -1 -1 -1 -1 -1 -1 -1 -1 -1 -1 -1 -1]
 [ 1  1  1  1  1  1 -1 -1 -1 -1 -1 -1  1  1  1  1  1  1 -1 -1 -1 -1 -1 -1]
 [ 1  1 -1 -1 -1 -1  1  1  1  1 -1 -1  1  1  1  1 -1 -1  1  1 -1 -1 -1 -1]
 [ 1  1  1  1 -1 -1  1  1 -1 -1 -1 -1  1  1 -1 -1 -1 -1 -1 -1  1  1  1  1]
 [ 1  1  1  1 -1 -1 -1 -1 -1 -1  1  1 -1 -1  1  1 -1 -1  1  1  1  1 -1 -1]
 [ 1  1 -1 -1  1  1  1  1 -1 -1 -1 -1 -1 -1 -1 -1  1  1  1  1  1  1 -1 -1]
 [ 1  1  1  1 -1 -1 -1 -1  1  1 -1 -1 -1 -1 -1 -1  1  1  1  1 -1 -1  1  1]
 [ 1  1 -1 -1 -1 -1 -1 -1  1  1  1  1  1  1 -1 -1  1  1 -1 -1  1  1 -1 -1]
 [ 1  1 -1 -1  1  1 -1 -1  1  1 -1 -1 -1 -1  1  1 -1 -1 -1 -1  1  1  1  1]
 [ 1  1 -1 -1 -1 -1  1  1 -1 -1  1  1 -1 -1  1  1  1  1 -1 -1 -1 -1  1  1]
 [ 1  1 -1 -1  1  1 -1 -1 -1 -1  1  1  1  1 -1 -1 -1 -1  1  1 -1 -1  1  1]
 [ 1 -1  1 -1  1 -1  1 -1  1 -1  1 -1  1 -1  1 -1  1 -1  1 -1  1 -1  1 -1]
 [ 1 -1  1 -1  1 -1  1 -1  1 -1  1 -1 -1  1 -1  1 -1  1 -1  1 -1  1 -1  1]
 [ 1 -1  1 -1  1 -1 -1  1 -1  1 -1  1  1 -1  1 -1  1 -1 -1  1 -1  1 -1  1]
 [ 1 -1 -1  1 -1  1  1 -1  1 -1 -1  1  1 -1  1 -1 -1  1  1 -1 -1  1 -1  1]
 [ 1 -1  1 -1 -1  1  1 -1 -1  1 -1  1  1 -1 -1  1 -1  1 -1  1  1 -1  1 -1]
 [ 1 -1  1 -1 -1  1 -1  1 -1  1  1 -1 -1  1  1 -1 -1  1  1 -1  1 -1 -1  1]
 [ 1 -1 -1  1  1 -1  1 -1 -1  1 -1  1 -1  1 -1  1  1 -1  1 -1  1 -1 -1  1]
 [ 1 -1  1 -1 -1  1 -1  1  1 -1 -1  1 -1  1 -1  1  1 -1  1 -1 -1  1  1 -1]
 [ 1 -1 -1  1 -1  1 -1  1  1 -1  1 -1  1 -1 -1  1  1 -1 -1  1  1 -1 -1  1]
 [ 1 -1 -1  1  1 -1 -1  1  1 -1 -1  1 -1  1  1 -1 -1  1 -1  1  1 -1  1 -1]
 [ 1 -1 -1  1 -1  1  1 -1 -1  1  1 -1 -1  1  1 -1  1 -1 -1  1 -1  1  1 -1]
 [ 1 -1 -1  1  1 -1 -1  1 -1  1  1 -1  1 -1 -1  1 -1  1  1 -1 -1  1  1 -1]]
W~~~~~~~~~~~~~~~~~~~~~~~~~~~~~~~~~~~~~~~~~~~~~~
adjacency matrix:
[[0 1 1 1 1 1 1 1 1 1 1 1 1 1 1 1 1 1 1 1 1 1 1 1]
 [1 0 1 1 1 1 1 1 1 1 1 1 1 1 1 1 1 1 1 1 1 1 1 1]
 [1 1 0 1 1 1 1 1 1 1 1 1 1 1 1 1 1 1 1 1 1 1 1 1]
 [1 1 1 0 1 1 1 1 1 1 1 1 1 1 1 1 1 1 1 1 1 1 1 1]
 [1 1 1 1 0 1 1 1 1 1 1 1 1 1 1 1 1 1 1 1 1 1 1 1]
 [1 1 1 1 1 0 1 1 1 1 1 1 1 1 1 1 1 1 1 1 1 1 1 1]
 [1 1 1 1 1 1 0 1 1 1 1 1 1 1 1 1 1 1 1 1 1 1 1 1]
 [1 1 1 1 1 1 1 0 1 1 1 1 1 1 1 1 1 1 1 1 1 1 1 1]
 [1 1 1 1 1 1 1 1 0 1 1 1 1 1 1 1 1 1 1 1 1 1 1 1]
 [1 1 1 1 1 1 1 1 1 0 1 1 1 1 1 1 1 1 1 1 1 1 1 1]
 [1 1 1 1 1 1 1 1 1 1 0 1 1 1 1 1 1 1 1 1 1 1 1 1]
 [1 1 1 1 1 1 1 1 1 1 1 0 1 1 1 1 1 1 1 1 1 1 1 1]
 [1 1 1 1 1 1 1 1 1 1 1 1 0 1 1 1 1 1 1 1 1 1 1 1]
 [1 1 1 1 1 1 1 1 1 1 1 1 1 0 1 1 1 1 1 1 1 1 1 1]
 [1 1 1 1 1 1 1 1 1 1 1 1 1 1 0 1 1 1 1 1 1 1 1 1]
 [1 1 1 1 1 1 1 1 1 1 1 1 1 1 1 0 1 1 1 1 1 1 1 1]
 [1 1 1 1 1 1 1 1 1 1 1 1 1 1 1 1 0 1 1 1 1 1 1 1]
 [1 1 1 1 1 1 1 1 1 1 1 1 1 1 1 1 1 0 1 1 1 1 1 1]
 [1 1 1 1 1 1 1 1 1 1 1 1 1 1 1 1 1 1 0 1 1 1 1 1]
 [1 1 1 1 1 1 1 1 1 1 1 1 1 1 1 1 1 1 1 0 1 1 1 1]
 [1 1 1 1 1 1 1 1 1 1 1 1 1 1 1 1 1 1 1 1 0 1 1 1]
 [1 1 1 1 1 1 1 1 1 1 1 1 1 1 1 1 1 1 1 1 1 0 1 1]
 [1 1 1 1 1 1 1 1 1 1 1 1 1 1 1 1 1 1 1 1 1 1 0 1]
 [1 1 1 1 1 1 1 1 1 1 1 1 1 1 1 1 1 1 1 1 1 1 1 0]]
eigenvalues: [22.99999999 -1.         -1.         -1.         -1.         -1.
 -1.         -1.         -1.         -1.         -1.         -1.
 -1.         -1.         -1.         -1.         -1.         -1.
 -1.         -1.         -1.         -1.         -1.         -1.        ]
eigenvectors:
[[ 1  1  1  1  1  1  1  1  1  1  1  1  1  1  1  1  1  1  1  1  1  1  1  1]
 [ 1  1  1  1  1  1  1  1  1  1  1  1 -1 -1 -1 -1 -1 -1 -1 -1 -1 -1 -1 -1]
 [ 1  1  1  1  1  1 -1 -1 -1 -1 -1 -1  1  1  1  1  1  1 -1 -1 -1 -1 -1 -1]
 [ 1  1 -1 -1 -1 -1  1  1  1  1 -1 -1  1  1  1  1 -1 -1  1  1 -1 -1 -1 -1]
 [ 1  1  1  1 -1 -1  1  1 -1 -1 -1 -1  1  1 -1 -1 -1 -1 -1 -1  1  1  1  1]
 [ 1  1  1  1 -1 -1 -1 -1 -1 -1  1  1 -1 -1  1  1 -1 -1  1  1  1  1 -1 -1]
 [ 1  1 -1 -1  1  1  1  1 -1 -1 -1 -1 -1 -1 -1 -1  1  1  1  1  1  1 -1 -1]
 [ 1  1  1  1 -1 -1 -1 -1  1  1 -1 -1 -1 -1 -1 -1  1  1  1  1 -1 -1  1  1]
 [ 1  1 -1 -1 -1 -1 -1 -1  1  1  1  1  1  1 -1 -1  1  1 -1 -1  1  1 -1 -1]
 [ 1  1 -1 -1  1  1 -1 -1  1  1 -1 -1 -1 -1  1  1 -1 -1 -1 -1  1  1  1  1]
 [ 1  1 -1 -1 -1 -1  1  1 -1 -1  1  1 -1 -1  1  1  1  1 -1 -1 -1 -1  1  1]
 [ 1  1 -1 -1  1  1 -1 -1 -1 -1  1  1  1  1 -1 -1 -1 -1  1  1 -1 -1  1  1]
 [ 1 -1  1 -1  1 -1  1 -1  1 -1  1 -1  1 -1  1 -1  1 -1  1 -1  1 -1  1 -1]
 [ 1 -1  1 -1  1 -1  1 -1  1 -1  1 -1 -1  1 -1  1 -1  1 -1  1 -1  1 -1  1]
 [ 1 -1  1 -1  1 -1 -1  1 -1  1 -1  1  1 -1  1 -1  1 -1 -1  1 -1  1 -1  1]
 [ 1 -1 -1  1 -1  1  1 -1  1 -1 -1  1  1 -1  1 -1 -1  1  1 -1 -1  1 -1  1]
 [ 1 -1  1 -1 -1  1  1 -1 -1  1 -1  1  1 -1 -1  1 -1  1 -1  1  1 -1  1 -1]
 [ 1 -1  1 -1 -1  1 -1  1 -1  1  1 -1 -1  1  1 -1 -1  1  1 -1  1 -1 -1  1]
 [ 1 -1 -1  1  1 -1  1 -1 -1  1 -1  1 -1  1 -1  1  1 -1  1 -1  1 -1 -1  1]
 [ 1 -1  1 -1 -1  1 -1  1  1 -1 -1  1 -1  1 -1  1  1 -1  1 -1 -1  1  1 -1]
 [ 1 -1 -1  1 -1  1 -1  1  1 -1  1 -1  1 -1 -1  1  1 -1 -1  1  1 -1 -1  1]
 [ 1 -1 -1  1  1 -1 -1  1  1 -1 -1  1 -1  1  1 -1 -1  1 -1  1  1 -1  1 -1]
 [ 1 -1 -1  1 -1  1  1 -1 -1  1  1 -1 -1  1  1 -1  1 -1 -1  1 -1  1  1 -1]
 [ 1 -1 -1  1  1 -1 -1  1 -1  1  1 -1  1 -1 -1  1 -1  1  1 -1 -1  1  1 -1]]
